ID  Location(x, y) area(km2) volume(km3) THICK_mean _max(m) ELEV_min _max _med(masl) LENGTH(km) SLOPE_avg _band(deg) TAU_avg _min _max(bar) SF_avg _min(-) R_V  Survey_year Name
00111;    -18.919701   65.430496     0.04375    0.000389     8    14   926  1021   970  0.209 26.4 25.9 0.290 0.127 0.385 0.94 0.91 0.98;  2000    (00111)
00004;    -23.820999   64.803596     0.06438    0.000943    14    22   830   950   877  0.415 17.8 17.4 0.353 0.163 0.468 0.86 0.83 0.81;  2002    (00004)
00012;    -18.331900   65.640999     0.05187    0.000509     9    17  1199  1274  1237  0.253 20.6 18.8 0.227 0.086 0.305 0.93 0.90 0.89;  2000    (00012)
00030;    -18.783300   65.693001     0.06187    0.000713    11    20  1164  1237  1203  0.282 16.6 16.1 0.241 0.097 0.318 0.92 0.90 0.82;  2000    (00030)
00062;    -18.940901   65.847801     0.05563    0.000619    11    19   999  1085  1050  0.270 19.4 18.8 0.254 0.158 0.335 0.91 0.89 0.78;  2000    (00062)
00073;    -18.739800   65.760597     0.05187    0.000553    10    19   989  1137  1056  0.301 27.4 26.7 0.349 0.137 0.442 0.90 0.83 1.18;  2000    (00073)
00124;    -18.782700   65.905998     0.06813    0.000666     9    17   977  1032  1007  0.285 17.6 16.6 0.194 0.092 0.283 0.95 0.94 0.82;  2000    (00124)
00145;    -18.195101   66.021500     0.05125    0.000458     8    16   913   979   959  0.175 21.6 21.0 0.266 0.160 0.347 0.95 0.93 0.90;  2000    (00145)
00152;    -18.243200   66.056900     0.05375    0.000455     8    15   782   901   820  0.221 30.1 29.5 0.381 0.163 0.505 0.93 0.91 0.74;  2000    (00152)
00178;    -18.353600   65.530899     0.06438    0.000571     8    15  1236  1338  1274  0.214 28.6 24.9 0.292 0.149 0.409 0.95 0.92 0.73;  2000    (00178)
00185;    -18.379801   65.554497     0.06000    0.000672    11    17  1189  1351  1264  0.331 30.6 29.5 0.429 0.166 0.580 0.90 0.85 0.90;  2000    (00185)
00262;    -19.207399   64.628899     0.06187    0.000717    11    18  1110  1200  1149  0.333 20.3 17.6 0.295 0.163 0.423 0.90 0.83 0.77;  1999    (00262)
00282;    -20.381399   64.795799     0.05750    0.000787    13    27  1047  1304  1207  0.408 33.5 33.0 0.607 0.221 0.840 0.86 0.82 0.82;  2000    (00282)
00357;    -19.559999   63.786301     0.06125    0.000860    14    24  1291  1431  1374  0.475 19.1 17.6 0.351 0.187 0.492 0.82 0.74 1.04;  2003    (00357)
00381;    -15.734800   64.361900     0.06250    0.000667    10    16   993  1135  1033  0.342 26.5 25.9 0.423 0.153 0.540 0.90 0.83 0.93;  2000    (00381)
00405;    -16.214001   64.190903     0.06125    0.000832    13    25  1036  1153  1074  0.412 19.7 16.6 0.311 0.141 0.427 0.83 0.76 0.81;  2000    (00405)
00426;    -16.632000   63.946999     0.06813    0.001000    14    23  1001  1089  1031  0.346 14.2 14.0 0.295 0.131 0.343 0.88 0.85 0.90;  2000    (00426)
00449;    -16.778999   64.042603     0.06813    0.001247    18    31   984  1202  1059  0.567 20.0 19.2 0.409 0.216 0.551 0.82 0.76 1.04;  2000    (00449)
00459;    -16.171400   64.166000     0.05563    0.000707    12    26   958  1081   979  0.398 16.5 16.0 0.338 0.091 0.451 0.78 0.64 0.55;  2000    (00459)
00488;    -14.959000   64.511902     0.06875    0.000904    13    21  1137  1283  1200  0.403 23.8 22.8 0.397 0.149 0.529 0.87 0.79 0.90;  2003    (00488)
00493;    -14.974600   64.516296     0.05375    0.001011    18    45  1003  1255  1121  0.605 23.4 23.1 0.426 0.264 0.594 0.74 0.49 0.68;  2003    (00493)
00502;    -13.917200   65.526001     0.05875    0.000646    10    19   706   968   827  0.253 48.1 47.6 0.608 0.350 0.775 0.92 0.88 0.81;  2003    (00502)
00526;    -14.276100   64.926697     0.06750    0.001016    15    28   865  1014   938  0.463 21.1 19.9 0.377 0.162 0.555 0.84 0.80 0.71;  2003    (00526)
00538;    -23.177799   65.943703     0.05438    0.000598    10    17   679   854   764  0.327 32.7 31.9 0.451 0.146 0.601 0.90 0.86 0.90;  2004    (00538)
00016;    -18.314199   65.664398     0.07687    0.001050    13    22  1001  1156  1063  0.397 23.6 23.0 0.442 0.200 0.585 0.88 0.81 0.85;  2000    (00016)
00023;    -18.438601   65.825897     0.08563    0.001237    14    27   800   940   854  0.363 21.9 21.2 0.421 0.206 0.532 0.90 0.87 0.88;  2000    (00023)
00095;    -18.498400   65.839500     0.08625    0.001033    11    21  1075  1183  1131  0.311 23.1 22.3 0.356 0.147 0.487 0.93 0.92 0.90;  2000    (00095)
00125;    -18.773300   65.907501     0.07875    0.001069    13    23  1025  1147  1089  0.363 23.3 20.8 0.382 0.215 0.506 0.90 0.88 0.94;  2000    (00125)
00153;    -18.232300   66.065002     0.08000    0.001048    13    22   545   758   621  0.386 31.5 30.1 0.550 0.326 0.710 0.90 0.87 0.98;  2000    (00153)
00157;    -17.955299   66.068199     0.07375    0.000768    10    18   661   787   698  0.265 29.2 27.0 0.432 0.241 0.540 0.95 0.93 1.06;  2000    (00157)
00218;    -19.139900   65.624298     0.08937    0.001464    16    29   910  1028   971  0.410 15.9 15.3 0.331 0.204 0.409 0.89 0.86 0.92;  2000    (00218)
00255;    -19.225201   64.630699     0.08937    0.001161    12    23  1072  1156  1113  0.285 17.1 16.5 0.276 0.158 0.315 0.94 0.91 0.84;  1999    (00255)
00260;    -19.215799   64.646202     0.08750    0.001118    12    20  1120  1238  1174  0.327 21.5 21.0 0.360 0.190 0.473 0.93 0.90 0.90;  1999    (00260)
00264;    -19.235500   64.639702     0.08750    0.001188    13    22  1208  1409  1303  0.400 28.2 27.5 0.474 0.278 0.573 0.90 0.86 0.95;  1999    (00264)
00265;    -19.241301   64.639900     0.08875    0.001248    14    29  1303  1423  1359  0.377 20.0 17.1 0.311 0.175 0.404 0.91 0.87 0.99;  1999    (00265)
00361;    -19.110600   63.894299     0.07375    0.001265    17    28   926  1200  1049  0.572 27.1 26.7 0.548 0.223 0.795 0.80 0.76 0.99;  1999    (00361)
00367;    -18.977400   63.889801     0.08250    0.001300    15    27  1026  1144  1079  0.456 16.4 14.9 0.294 0.137 0.399 0.86 0.82 0.99;  1999    (00367)
00486;    -15.350000   64.471199     0.08313    0.001226    14    28  1063  1241  1105  0.473 18.8 18.4 0.392 0.163 0.522 0.79 0.64 0.62;  2000    (00486)
00494;    -14.964000   64.515800     0.07312    0.000810    11    19  1157  1298  1217  0.354 26.6 24.3 0.371 0.147 0.464 0.91 0.81 0.86;  2003    (00494)
00508;    -14.781000   65.588600     0.07187    0.001092    15    25  1052  1229  1154  0.462 23.0 22.4 0.514 0.255 0.708 0.83 0.73 1.09;  2003    (00508)
00524;    -14.073300   64.895302     0.08875    0.000983    11    18   818   970   889  0.292 31.3 29.6 0.398 0.169 0.517 0.94 0.92 0.97;  2003    (00524)
00018;    -18.683300   65.679604     0.09750    0.001178    12    22   991  1222  1092  0.304 37.7 36.5 0.551 0.387 0.669 0.94 0.91 1.03;  2000    (00018)
00019;    -18.712900   65.684502     0.11875    0.001501    12    20  1089  1247  1153  0.535 27.1 26.2 0.430 0.114 0.532 0.94 0.92 0.99;  2000    (00019)
00024;    -18.719700   65.699303     0.11500    0.002239    19    51  1032  1216  1125  0.690 23.1 21.6 0.575 0.199 0.764 0.87 0.82 0.70;  2000    (00024)
00038;    -18.699600   65.715599     0.10063    0.001716    17    26  1013  1094  1031  0.455 12.5 10.3 0.307 0.094 0.401 0.89 0.86 1.09;  2000    (00038)
00042;    -18.629700   65.719101     0.10938    0.001538    14    23  1027  1188  1100  0.367 25.1 24.3 0.418 0.173 0.547 0.93 0.91 1.09;  2000    (00042)
00065;    -18.515100   65.754501     0.09688    0.001346    13    24  1163  1325  1222  0.387 24.8 23.9 0.467 0.161 0.639 0.91 0.89 1.06;  2000    (00065)
00114;    -18.859900   65.893501     0.11625    0.001519    13    21   810   965   891  0.323 27.6 26.9 0.449 0.219 0.572 0.94 0.92 1.03;  2000    (00114)
00139;    -17.735100   65.989502     0.11500    0.001671    14    25   841  1001   903  0.393 24.2 23.2 0.482 0.195 0.656 0.92 0.91 0.99;  2000    (00139)
00154;    -18.650000   65.822502     0.09312    0.001507    16    26   805   904   864  0.460 16.2 15.4 0.324 0.145 0.442 0.88 0.87 0.85;  2000    (00154)
00155;    -17.979900   66.069199     0.11438    0.001701    14    28   688   905   787  0.447 30.2 29.1 0.551 0.320 0.710 0.91 0.88 1.14;  2000    (00155)
00164;    -19.073799   65.514900     0.09312    0.001110    11    22  1044  1193  1107  0.300 29.8 27.9 0.474 0.190 0.644 0.94 0.92 0.81;  2000    (00164)
00181;    -19.010300   65.549103     0.11000    0.001452    13    23  1097  1205  1145  0.362 21.3 20.1 0.376 0.141 0.537 0.93 0.92 1.06;  2000    (00181)
00184;    -19.084700   65.562202     0.11563    0.001821    15    27  1040  1237  1099  0.432 25.1 24.6 0.611 0.426 0.758 0.90 0.87 1.03;  2000    (00184)
00217;    -18.351101   65.610497     0.11313    0.002062    18    32  1313  1431  1340  0.539 15.7 13.2 0.380 0.110 0.530 0.88 0.87 1.16;  2000    (00217)
00219;    -19.152000   65.631897     0.09813    0.001482    15    29   931  1035   971  0.365 16.3 15.2 0.340 0.223 0.421 0.92 0.88 1.10;  2000    (00219)
00226;    -20.537100   64.424400     0.11125    0.001612    14    24  1000  1121  1061  0.402 21.7 20.5 0.390 0.159 0.501 0.92 0.85 0.72;  2000    (00226)
00250;    -20.947901   64.614304     0.10063    0.001254    12    24   784   930   841  0.304 26.6 24.9 0.444 0.200 0.589 0.94 0.93 0.93;  2000    (00250)
00259;    -19.300900   64.636101     0.10250    0.001711    16    31  1086  1194  1135  0.564 16.5 14.5 0.313 0.132 0.481 0.87 0.79 1.20;  1999    (00259)
00348;    -19.641600   64.003899     0.11750    0.001697    14    25   960  1179  1049  0.385 30.5 29.9 0.583 0.325 0.745 0.92 0.89 0.85;  2003    (00348)
00353;    -19.599600   63.803902     0.09250    0.002334    25    43  1122  1230  1165  0.705 10.1  9.6 0.269 0.189 0.350 0.72 0.66 0.77;  2003    (00353)
00358;    -19.551701   63.786098     0.10750    0.001865    17    26  1095  1393  1293  0.525 30.4 28.8 0.549 0.274 0.737 0.88 0.81 0.94;  2003    (00358)
00370;    -18.900000   63.937401     0.10250    0.001354    13    22   908  1026   966  0.370 21.5 20.8 0.384 0.147 0.535 0.92 0.90 1.10;  1999    (00370)
00371;    -18.950500   63.942799     0.09375    0.001316    14    23   948  1085  1017  0.416 22.5 21.6 0.381 0.169 0.473 0.90 0.86 1.17;  1999    (00371)
00376;    -15.224900   64.533302     0.10688    0.001729    16    29   981  1225  1128  0.588 31.5 28.1 0.556 0.292 0.723 0.88 0.82 0.75;  2000    (00376)
00386;    -16.985300   64.122704     0.09250    0.001141    12    22  1095  1225  1124  0.373 18.5 17.1 0.364 0.153 0.484 0.89 0.79 0.89;  2000    (00386)
00401;    -16.150900   64.222000     0.09875    0.001743    17    29   842  1233  1080  0.530 35.7 34.1 0.673 0.376 0.846 0.85 0.78 0.92;  2000    (00401)
00417;    -16.129700   64.179100     0.09500    0.001513    15    30   959  1091  1014  0.473 21.3 19.2 0.376 0.163 0.508 0.86 0.78 0.67;  2000    (00417)
00419;    -15.310700   64.581200     0.11875    0.001777    14    24   927  1031   960  0.394 17.2 16.5 0.382 0.158 0.480 0.91 0.89 0.90;  2000    (00419)
00463;    -15.793000   64.382004     0.10125    0.001763    17    42  1115  1244  1208  0.615 19.9 18.2 0.379 0.153 0.551 0.89 0.83 0.63;  2000    (00463)
00485;    -15.358700   64.469200     0.09563    0.001187    12    21  1161  1242  1202  0.333 18.6 17.1 0.253 0.121 0.353 0.94 0.90 0.79;  2000    (00485)
00490;    -14.951900   64.515404     0.09375    0.001161    12    22  1124  1249  1173  0.359 23.1 19.8 0.363 0.153 0.464 0.92 0.89 0.81;  2003    (00490)
00496;    -13.946000   65.423401     0.11500    0.001718    14    25   882  1004   960  0.390 21.1 19.8 0.386 0.195 0.538 0.92 0.88 0.92;  2003    (00496)
00501;    -13.943000   65.523598     0.09813    0.001423    14    24   565   817   644  0.458 30.1 29.1 0.587 0.319 0.762 0.89 0.85 0.93;  2003    (00501)
00506;    -14.991400   64.542702     0.10625    0.001407    13    23   943  1095  1028  0.424 23.4 22.9 0.376 0.171 0.503 0.89 0.72 1.16;  2003    (00506)
00531;    -14.272200   64.968201     0.09062    0.001205    13    24   807  1031   891  0.430 33.6 32.2 0.565 0.306 0.749 0.89 0.84 0.93;  2003    (00531)
00533;    -14.131100   64.988403     0.11875    0.001522    12    24   710   890   770  0.320 27.6 26.6 0.514 0.229 0.625 0.93 0.88 0.89;  2003    (00533)
00032;    -18.787600   65.702103     0.14688    0.002485    16    27   986  1162  1060  0.535 22.3 21.7 0.519 0.244 0.692 0.90 0.89 0.92;  2000    (00032)
00037;    -18.998899   65.715401     0.12687    0.001865    14    24  1011  1183  1042  0.442 24.3 22.9 0.619 0.185 0.763 0.92 0.91 1.07;  2000    (00037)
00045;    -18.606400   65.717400     0.14813    0.002781    18    32  1006  1086  1054  0.426 14.0 12.9 0.316 0.133 0.443 0.92 0.89 0.96;  2000    (00045)
00047;    -18.492001   65.827797     0.13813    0.001950    14    24  1040  1205  1145  0.348 30.0 27.2 0.495 0.306 0.626 0.95 0.91 0.73;  2000    (00047)
00054;    -18.764299   65.731003     0.14250    0.002120    14    24   898  1127   980  0.416 30.6 29.8 0.605 0.264 0.758 0.93 0.91 1.09;  2000    (00054)
00056;    -18.812901   65.737198     0.15500    0.002768    17    30  1006  1203  1084  0.494 24.0 23.1 0.532 0.305 0.691 0.91 0.89 1.10;  2000    (00056)
00083;    -18.939899   65.789001     0.12313    0.001879    15    29   895  1083   995  0.428 24.9 23.6 0.483 0.340 0.610 0.90 0.88 0.94;  2000    (00083)
00091;    -18.540701   65.795998     0.12188    0.001725    14    24   895  1113   982  0.400 31.8 31.0 0.577 0.270 0.735 0.92 0.91 1.08;  2000    (00091)
00108;    -18.500799   65.856400     0.13625    0.001962    14    23  1066  1184  1112  0.377 20.4 19.5 0.369 0.172 0.444 0.95 0.92 0.99;  2000    (00108)
00123;    -18.786699   65.906601     0.13750    0.002435    17    30   896  1020   963  0.471 15.6 15.1 0.339 0.148 0.433 0.87 0.75 0.97;  2000    (00123)
00126;    -18.766199   65.911903     0.15687    0.003666    23    46   873  1043   961  0.689 16.4 15.8 0.453 0.242 0.587 0.83 0.66 0.75;  2000    (00126)
00127;    -18.401400   65.488998     0.14250    0.002203    15    27  1009  1131  1047  0.399 20.9 19.4 0.429 0.146 0.563 0.94 0.92 1.16;  2000    (00127)
00131;    -17.784500   65.930298     0.12063    0.001890    15    24   906  1101  1022  0.533 26.7 26.0 0.565 0.212 0.772 0.90 0.88 0.86;  2000    (00131)
00136;    -17.748199   65.957100     0.12000    0.001884    15    26   818  1056   922  0.453 29.2 28.4 0.546 0.291 0.707 0.90 0.86 0.97;  2000    (00136)
00144;    -18.189501   66.020401     0.15438    0.003231    20    36   757   967   852  0.612 21.0 20.1 0.523 0.290 0.654 0.87 0.84 0.96;  2000    (00144)
00148;    -18.596100   66.042603     0.15750    0.002603    16    28   712   980   793  0.477 29.1 28.4 0.671 0.325 0.842 0.91 0.88 1.14;  2000    (00148)
00149;    -18.154499   66.050499     0.12687    0.002202    17    33   708   879   785  0.514 23.1 21.3 0.516 0.191 0.736 0.90 0.86 0.97;  2000    (00149)
00158;    -18.031000   66.077003     0.12313    0.001858    15    25   473   725   591  0.402 33.6 32.8 0.600 0.330 0.737 0.92 0.90 1.05;  2000    (00158)
00161;    -18.253500   66.092400     0.14375    0.002662    18    31   554   689   633  0.469 18.2 17.1 0.400 0.136 0.554 0.91 0.88 0.96;  2000    (00161)
00162;    -18.159700   66.092102     0.13062    0.002247    17    35   570   698   607  0.358 16.1 14.9 0.386 0.222 0.497 0.93 0.90 1.09;  2000    (00162)
00163;    -18.021099   66.096397     0.12375    0.001880    15    25   569   903   697  0.477 38.2 37.1 0.719 0.361 0.915 0.91 0.89 1.00;  2000    (00163)
00170;    -18.746599   65.517197     0.15875    0.003063    19    33  1001  1116  1058  0.402 17.2 16.0 0.381 0.229 0.448 0.93 0.90 0.94;  2000    (00170)
00171;    -18.644400   65.526604     0.13750    0.002638    19    38   987  1162  1067  0.530 20.9 19.4 0.471 0.221 0.618 0.90 0.84 1.32;  2000    (00171)
00179;    -18.500099   65.817200     0.13375    0.002732    20    37  1002  1217  1062  0.597 18.0 17.5 0.483 0.271 0.579 0.82 0.73 0.75;  2000    (00179)
00210;    -18.727699   65.824600     0.15438    0.002854    18    33   903  1160   976  0.584 24.8 23.6 0.640 0.318 0.808 0.89 0.85 1.07;  2000    (00210)
00223;    -18.507799   65.445000     0.14750    0.002977    20    39  1015  1234  1121  0.614 22.0 20.9 0.491 0.269 0.622 0.88 0.85 1.09;  2000    (00223)
00227;    -18.708900   64.954697     0.14750    0.002762    18    37   927  1044   971  0.541 16.0 15.5 0.372 0.154 0.491 0.90 0.86 1.35;  1999    (00227)
00239;    -20.786501   64.546799     0.13500    0.002193    16    27   757   984   870  0.480 29.1 28.5 0.564 0.253 0.718 0.90 0.85 1.17;  2000    (00239)
00249;    -20.642900   64.546501     0.12438    0.003215    25    46   890   978   918  0.542 10.7  7.4 0.272 0.155 0.357 0.84 0.78 0.93;  2000    (00249)
00263;    -19.221300   64.649498     0.12750    0.002262    17    36  1038  1173  1093  0.552 18.7 16.1 0.356 0.113 0.476 0.88 0.86 1.07;  1999    (00263)
00274;    -19.702499   64.739800     0.12937    0.002795    21    40  1152  1352  1294  0.681 20.4 19.8 0.532 0.269 0.724 0.86 0.78 0.62;  2000    (00274)
00391;    -15.927000   64.242500     0.14188    0.002821    19    35  1093  1298  1172  0.566 21.3 20.8 0.540 0.311 0.667 0.88 0.83 1.18;  2000    (00391)
00400;    -16.605499   64.647598     0.13500    0.002466    18    34  1715  1872  1826  0.483 18.4 18.1 0.404 0.209 0.527 0.90 0.87 0.69;  2000    (00400)
00402;    -17.037201   64.118202     0.13938    0.001920    13    27  1019  1184  1094  0.391 28.6 25.8 0.449 0.197 0.557 0.92 0.82 0.76;  2000    (00402)
00489;    -14.949500   64.513100     0.14375    0.002481    17    28   958  1226  1062  0.532 28.8 28.0 0.631 0.310 0.843 0.89 0.86 0.96;  2003    (00489)
00495;    -13.917600   65.161697     0.13062    0.001588    12    22   821  1034   894  0.294 38.0 36.3 0.633 0.333 0.806 0.95 0.95 0.94;  2003    (00495)
00515;    -14.615100   64.734200     0.15625    0.002300    14    24   921  1099   979  0.407 27.0 26.1 0.558 0.216 0.681 0.95 0.92 1.10;  2003    (00515)
00527;    -14.277200   64.929199     0.13688    0.002105    15    25   883  1016   931  0.431 20.0 19.6 0.449 0.158 0.591 0.92 0.88 0.86;  2003    (00527)
00537;    -23.121901   65.919502     0.13875    0.002038    14    25   588   759   685  0.403 26.8 26.3 0.533 0.151 0.711 0.94 0.92 0.93;  2004    (00537)
00546;    -22.464800   66.365196     0.13187    0.002002    15    26   522   662   568  0.448 21.8 20.1 0.492 0.200 0.628 0.91 0.89 0.80;  2004    (00546)
00550;    -18.767000   65.908798     0.13688    0.002349    17    35   984  1133  1030  0.477 19.5 16.9 0.422 0.213 0.542 0.91 0.85 1.16;  2000    (00550)
00560;    -17.073401   64.105797     0.12600    0.001973    15   -99   -99   -99   -99  0.000  0.0  0.0 0.000 0.000 0.000 0.00 0.00 0.00;  2000    (00560)
00021;    -18.750099   65.696503     0.16125    0.003528    21    41   996  1162  1076  0.608 18.0 16.6 0.461 0.273 0.569 0.88 0.83 0.75;  2000    (00021)
00035;    -18.799900   65.639198     0.16437    0.002200    13    22  1071  1177  1114  0.275 22.8 22.3 0.438 0.300 0.541 0.96 0.95 0.96;  2000    (00035)
00040;    -18.990101   65.720398     0.16250    0.002652    16    28   943  1110   999  0.459 24.3 23.0 0.516 0.245 0.647 0.93 0.90 1.27;  2000    (00040)
00053;    -18.666300   65.728897     0.20063    0.004433    22    39   961  1110  1044  0.516 18.1 17.0 0.475 0.278 0.602 0.91 0.87 1.07;  2000    (00053)
00076;    -18.686600   65.774300     0.18750    0.005772    30    64   916  1209  1021  0.927 16.9 15.7 0.606 0.369 0.740 0.80 0.72 0.98;  2000    (00076)
00088;    -18.845699   65.795799     0.17313    0.003251    18    33  1017  1199  1086  0.520 21.4 20.6 0.536 0.124 0.690 0.91 0.90 0.95;  2000    (00088)
00097;    -18.492500   65.838898     0.16813    0.003247    19    40  1014  1178  1058  0.450 18.8 17.1 0.509 0.235 0.644 0.91 0.89 1.06;  2000    (00097)
00099;    -18.857000   65.797699     0.19500    0.005018    25    47  1006  1262  1100  0.772 20.0 19.3 0.599 0.268 0.783 0.85 0.76 1.31;  2000    (00099)
00103;    -18.916901   65.818901     0.19312    0.004406    22    43   942  1120  1026  0.622 19.0 17.9 0.511 0.263 0.705 0.88 0.78 0.71;  2000    (00103)
00120;    -18.759600   65.902199     0.16688    0.003563    21    36   860  1133   984  0.681 23.1 22.3 0.641 0.316 0.824 0.86 0.82 0.97;  2000    (00120)
00128;    -18.670601   65.914703     0.16813    0.002925    17    28   816  1121   948  0.522 31.0 29.6 0.692 0.429 0.891 0.92 0.90 0.89;  2000    (00128)
00132;    -17.996300   65.954201     0.16750    0.003675    21    39   870  1117   982  0.647 21.6 21.1 0.595 0.343 0.718 0.87 0.85 0.93;  2000    (00132)
00146;    -17.766800   66.017899     0.18313    0.003273    17    32   716   869   782  0.399 22.0 21.6 0.498 0.300 0.608 0.94 0.92 1.15;  2000    (00146)
00156;    -17.954700   66.069801     0.16875    0.003477    20    41   581   802   655  0.594 20.5 19.4 0.555 0.310 0.702 0.87 0.80 0.89;  2000    (00156)
00172;    -18.532000   65.431099     0.16500    0.003822    23    46  1107  1167  1137  0.466 10.6  8.9 0.237 0.122 0.324 0.91 0.88 0.85;  2000    (00172)
00174;    -18.989300   65.532799     0.18750    0.003366    17    29  1037  1201  1100  0.591 21.6 20.7 0.523 0.171 0.738 0.91 0.84 0.95;  2000    (00174)
00176;    -18.321301   65.532402     0.18875    0.003609    19    38   987  1304  1074  0.584 29.8 28.6 0.768 0.347 1.005 0.91 0.88 1.27;  2000    (00176)
00180;    -18.500200   65.819801     0.16250    0.003111    19    36  1069  1221  1128  0.526 18.5 17.9 0.448 0.120 0.601 0.91 0.89 1.05;  2000    (00180)
00204;    -18.377501   65.565697     0.16938    0.002878    16    26  1076  1280  1138  0.584 24.6 23.2 0.620 0.293 0.805 0.90 0.86 0.99;  2000    (00204)
00251;    -20.939899   64.617897     0.18812    0.003985    21    38   740   886   802  0.528 20.9 17.4 0.521 0.274 0.648 0.91 0.88 1.05;  2000    (00251)
00300;    -20.649200   64.591301     0.17688    0.004515    25    43  1015  1128  1082  0.536 12.5 10.7 0.325 0.246 0.380 0.89 0.84 1.05;  2000    (00300)
00312;    -18.471500   64.895500     0.17938    0.003874    21    33   982  1249  1135  0.662 24.0 22.8 0.657 0.358 0.866 0.87 0.84 0.94;  1999    (00312)
00327;    -19.661800   63.996399     0.17563    0.003100    17    29  1191  1458  1344  0.523 29.9 29.3 0.653 0.333 0.848 0.91 0.79 0.79;  2003    (00327)
00360;    -19.120100   63.880100     0.18250    0.004450    24    42   922  1106  1018  0.637 17.2 15.9 0.458 0.249 0.560 0.87 0.84 1.05;  1999    (00360)
00373;    -15.414900   64.506104     0.18812    0.004007    21    37   964  1166  1101  0.625 21.5 20.4 0.561 0.233 0.710 0.90 0.85 0.85;  2000    (00373)
00387;    -17.327801   64.396797     0.17438    0.002462    14    29  1391  1599  1473  0.382 30.9 29.0 0.587 0.420 0.695 0.95 0.93 1.03;  2000    (00387)
00390;    -15.926000   64.238297     0.18937    0.003488    18    32   941  1172  1020  0.563 22.6 22.3 0.583 0.383 0.686 0.89 0.80 0.90;  2000    (00390)
00398;    -15.940200   64.243500     0.18063    0.003301    18    31   986  1272  1151  0.545 27.2 26.8 0.625 0.454 0.709 0.89 0.81 1.06;  2000    (00398)
00404;    -16.943800   64.120499     0.16000    0.002839    17    31  1268  1364  1303  0.393 15.5 14.0 0.306 0.152 0.411 0.92 0.89 0.93;  2000    (00404)
00464;    -17.279400   64.022400     0.17500    0.007597    43   100   277   351   304  1.257  6.7  6.0 0.286 0.092 0.455 0.68 0.39 0.51;  2000    (00464)
00509;    -14.770000   65.606903     0.17500    0.003540    20    37  1059  1224  1121  0.625 19.8 18.8 0.526 0.135 0.685 0.90 0.87 1.24;  2003    (00509)
00525;    -14.474900   64.916100     0.19187    0.003009    15    28   886  1110   970  0.490 29.2 28.7 0.606 0.310 0.745 0.92 0.85 1.15;  2003    (00525)
00020;    -18.736099   65.695801     0.23063    0.004863    21    35  1097  1295  1172  0.579 19.4 18.0 0.590 0.300 0.698 0.91 0.89 0.93;  2000    (00020)
00022;    -18.525299   65.450203     0.23000    0.003470    15    29  1106  1214  1136  0.332 21.8 20.2 0.491 0.215 0.602 0.97 0.95 1.29;  2000    (00022)
00077;    -18.682899   65.774002     0.21500    0.005491    25    43   912  1208  1029  0.820 21.0 19.8 0.626 0.370 0.799 0.84 0.74 1.12;  2000    (00077)
00086;    -18.920401   65.791000     0.22750    0.004869    21    42   947  1187  1043  0.615 23.5 22.1 0.605 0.402 0.763 0.91 0.89 1.11;  2000    (00086)
00117;    -18.484699   65.894699     0.24813    0.005240    21    36   746   970   838  0.611 22.8 22.1 0.634 0.467 0.738 0.91 0.87 0.98;  2000    (00117)
00122;    -18.820700   65.896698     0.23188    0.003622    15    24   883  1073   953  0.431 27.4 26.2 0.628 0.352 0.785 0.95 0.93 0.98;  2000    (00122)
00134;    -17.760000   65.949097     0.23188    0.004588    19    37   879  1121  1017  0.563 24.7 23.2 0.618 0.383 0.785 0.91 0.88 0.95;  2000    (00134)
00135;    -18.772699   65.502602     0.22187    0.003844    17    29   955  1093  1026  0.446 21.8 21.4 0.493 0.254 0.598 0.94 0.91 1.10;  2000    (00135)
00142;    -17.741899   65.996902     0.22875    0.005319    23    45   724   947   814  0.672 21.1 20.6 0.600 0.397 0.774 0.89 0.81 1.48;  2000    (00142)
00143;    -17.762100   66.000999     0.22875    0.004816    21    34   714   871   754  0.508 17.4 17.1 0.542 0.276 0.656 0.92 0.90 1.00;  2000    (00143)
00159;    -18.234400   66.079803     0.20438    0.004323    21    43   503   764   618  0.584 25.5 24.2 0.633 0.288 0.795 0.91 0.86 1.23;  2000    (00159)
00160;    -18.250000   66.084396     0.21750    0.004337    19    36   592   758   664  0.436 20.9 19.4 0.512 0.321 0.584 0.93 0.91 1.12;  2000    (00160)
00182;    -18.431000   65.543198     0.20500    0.003802    18    33  1130  1320  1200  0.533 23.6 22.8 0.617 0.307 0.798 0.93 0.90 1.24;  2000    (00182)
00183;    -18.414200   65.551300     0.24500    0.005599    22    39  1125  1302  1182  0.666 17.7 16.2 0.566 0.322 0.692 0.89 0.86 0.92;  2000    (00183)
00188;    -18.834600   65.564598     0.24000    0.004531    18    33   972  1124  1035  0.495 21.1 19.6 0.523 0.200 0.689 0.94 0.90 1.07;  2000    (00188)
00196;    -18.857401   65.573303     0.23313    0.005826    24    49   965  1138  1033  0.612 16.8 15.6 0.509 0.269 0.640 0.90 0.87 1.13;  2000    (00196)
00200;    -18.235800   65.547699     0.21375    0.006046    28    56   960  1184  1111  0.790 15.8 15.2 0.526 0.381 0.618 0.82 0.74 1.35;  2000    (00200)
00209;    -18.334299   65.598396     0.20688    0.003440    16    29  1039  1229  1106  0.417 27.2 26.5 0.602 0.321 0.757 0.95 0.93 1.13;  2000    (00209)
00258;    -19.317400   64.646400     0.24875    0.007184    28    50  1018  1322  1109  0.923 18.9 18.4 0.679 0.375 0.840 0.83 0.81 1.06;  1999    (00258)
00363;    -19.117201   63.887199     0.23063    0.007247    31    62  1013  1118  1066  0.780 11.3  9.4 0.368 0.234 0.487 0.86 0.81 0.81;  1999    (00363)
00399;    -16.965401   64.122398     0.24375    0.005072    20    42  1183  1411  1265  0.597 23.4 19.8 0.606 0.364 0.803 0.89 0.84 0.82;  2000    (00399)
00432;    -16.097900   64.207603     0.21063    0.003579    16    28   871  1070   951  0.515 26.9 25.7 0.633 0.306 0.826 0.92 0.84 0.90;  2000    (00432)
00438;    -15.611600   64.460297     0.21937    0.004923    22    38   592   831   711  0.707 21.9 21.2 0.622 0.372 0.778 0.88 0.83 1.06;  2000    (00438)
00452;    -15.780300   64.374603     0.23688    0.006325    26    48  1065  1195  1103  0.717 14.3 11.8 0.451 0.232 0.555 0.86 0.72 0.96;  2000    (00452)
00503;    -14.782300   65.579697     0.24375    0.004978    20    35  1073  1246  1140  0.530 21.0 20.2 0.599 0.297 0.737 0.93 0.91 1.15;  2003    (00503)
00505;    -14.999700   64.558296     0.21750    0.004379    20    36   892  1185   989  0.601 25.6 24.9 0.706 0.350 0.906 0.90 0.86 0.95;  2003    (00505)
00519;    -15.557000   64.813301     0.24875    0.007078    28    59  1290  1538  1397  0.798 17.7 17.0 0.597 0.427 0.698 0.86 0.82 0.97;  2000    (00519)
00529;    -14.370700   64.949600     0.20813    0.003935    18    34   907  1090   979  0.515 22.6 21.9 0.534 0.325 0.692 0.92 0.89 1.18;  2003    (00529)
00532;    -14.105400   64.983200     0.23500    0.003851    16    30   781  1051   909  0.479 33.6 32.6 0.756 0.481 0.932 0.94 0.92 1.14;  2003    (00532)
00534;    -14.428600   65.038200     0.21188    0.004216    19    34   822  1006   905  0.503 21.7 21.0 0.564 0.278 0.712 0.92 0.91 0.97;  2003    (00534)
00536;    -23.139799   65.918503     0.21063    0.003677    17    29   628   852   716  0.628 27.2 26.6 0.652 0.342 0.850 0.91 0.86 0.99;  2004    (00536)
00547;    -22.333200   66.277603     0.24750    0.005266    21    40   297   478   371  0.637 20.9 20.4 0.604 0.309 0.749 0.92 0.89 1.18;  2004    (00547)
00551;    -18.950701   65.881104     0.23375    0.004782    20    34   796  1046   887  0.665 24.6 23.5 0.683 0.330 0.913 0.88 0.68 0.86;  2000    (00551)
00552;    -18.745399   65.641098     0.22812    0.007625    33    64   948  1119   999  0.925 13.2 11.7 0.520 0.127 0.704 0.83 0.75 1.32;  2000    (00552)
00011;    -18.309700   65.656303     0.25562    0.004533    17    31  1067  1265  1158  0.498 25.5 24.9 0.600 0.330 0.758 0.94 0.92 0.96;  2000    (00011)
00033;    -18.741100   65.638496     0.27625    0.005574    20    38   956  1146  1027  0.554 21.3 20.6 0.614 0.513 0.755 0.93 0.91 1.11;  2000    (00033)
00034;    -18.769899   65.638199     0.28063    0.004888    17    34  1056  1230  1119  0.415 25.6 24.3 0.546 0.230 0.696 0.95 0.91 1.38;  2000    (00034)
00050;    -18.532801   65.470100     0.27625    0.007109    25    45  1085  1243  1130  0.732 15.5 14.0 0.547 0.202 0.738 0.89 0.84 1.26;  2000    (00050)
00075;    -18.699301   65.775002     0.26313    0.006290    23    50   858  1017   936  0.536 17.1 16.2 0.482 0.298 0.574 0.92 0.90 0.91;  2000    (00075)
00092;    -18.712799   65.808601     0.29125    0.007768    26    47   863  1126   973  0.758 19.9 18.9 0.644 0.394 0.774 0.89 0.85 1.09;  2000    (00092)
00101;    -18.889099   65.806000     0.25562    0.005477    21    38   998  1258  1109  0.750 24.7 23.8 0.739 0.471 0.866 0.90 0.88 1.18;  2000    (00101)
00115;    -18.806700   65.893204     0.27813    0.006072    21    40   822  1071   933  0.644 23.3 22.6 0.678 0.377 0.841 0.90 0.84 0.86;  2000    (00115)
00138;    -17.733299   65.975800     0.29063    0.005827    20    34   788  1028   901  0.587 25.0 24.4 0.645 0.383 0.812 0.93 0.89 1.09;  2000    (00138)
00168;    -18.521999   65.510200     0.27313    0.006273    22    44  1042  1192  1116  0.526 17.2 16.0 0.463 0.248 0.573 0.92 0.88 1.30;  2000    (00168)
00175;    -18.999001   65.539902     0.27687    0.006945    25    49  1049  1213  1099  0.670 17.3 15.6 0.532 0.161 0.704 0.90 0.83 1.27;  2000    (00175)
00187;    -18.500799   65.436203     0.29750    0.006104    20    34  1054  1262  1135  0.596 22.5 21.8 0.593 0.346 0.745 0.92 0.87 1.32;  2000    (00187)
00192;    -18.719400   65.817398     0.28187    0.007842    27    45   900  1109  1016  0.786 17.3 15.4 0.538 0.388 0.669 0.86 0.70 1.22;  2000    (00192)
00216;    -18.343399   65.611504     0.27813    0.010610    38    86  1221  1391  1313  0.862 11.1  9.5 0.480 0.337 0.587 0.83 0.77 0.73;  2000    (00216)
00267;    -19.201500   64.633904     0.24938    0.008802    35   104  1079  1211  1152  0.953 11.8  9.6 0.373 0.199 0.497 0.78 0.51 0.72;  1999    (00267)
00299;    -20.634800   64.590302     0.29938    0.010360    34    65  1140  1262  1169  0.836  8.2  7.4 0.410 0.152 0.524 0.81 0.65 0.70;  2000    (00299)
00394;    -15.955900   64.250801     0.25312    0.007125    28    59  1182  1358  1294  0.784 14.5 12.6 0.534 0.261 0.673 0.83 0.68 0.85;  2000    (00394)
00395;    -16.126101   64.180801     0.29875    0.006282    21    40   814  1071   937  0.669 22.9 22.5 0.610 0.308 0.748 0.91 0.85 1.03;  2000    (00395)
00396;    -16.016500   64.260101     0.27250    0.009479    34    83  1099  1333  1247  0.838 17.0 13.4 0.582 0.320 0.847 0.85 0.68 0.71;  2000    (00396)
00397;    -16.162201   64.259300     0.25000    0.009835    39    71   905  1146  1037  1.171 13.6 12.2 0.548 0.378 0.687 0.76 0.64 0.80;  2000    (00397)
00420;    -15.289000   64.583504     0.25438    0.005227    20    36  1023  1116  1057  0.385 15.3 14.1 0.409 0.194 0.507 0.95 0.94 1.05;  2000    (00420)
00491;    -14.975900   64.518303     0.27000    0.006388    23    44   906  1218  1076  0.813 24.3 23.3 0.771 0.465 0.921 0.89 0.84 0.94;  2003    (00491)
00500;    -13.925000   65.520401     0.26063    0.006134    23    45   547   771   630  0.597 21.5 19.6 0.564 0.344 0.709 0.91 0.86 1.31;  2003    (00500)
00535;    -14.429800   65.077698     0.28313    0.006097    21    40   927  1195  1054  0.693 25.3 22.9 0.669 0.301 0.848 0.90 0.85 0.85;  2003    (00535)
00051;    -18.529400   65.724602     0.34813    0.008936    25    47   983  1186  1085  0.681 17.9 17.0 0.589 0.400 0.696 0.92 0.90 1.02;  2000    (00051)
00059;    -18.570400   65.740303     0.35563    0.008610    24    44   871  1145   977  0.733 21.0 20.5 0.665 0.382 0.792 0.92 0.88 1.10;  2000    (00059)
00063;    -18.514099   65.746803     0.35938    0.007346    20    37   990  1195  1101  0.564 24.0 23.0 0.607 0.383 0.756 0.94 0.88 1.26;  2000    (00063)
00068;    -18.719299   65.771599     0.31688    0.008744    27    51   863  1044   933  0.697 15.1 13.8 0.530 0.295 0.609 0.90 0.88 0.94;  2000    (00068)
00080;    -18.371799   65.489197     0.30438    0.007881    25    53  1049  1209  1100  0.636 16.6 15.9 0.521 0.162 0.682 0.92 0.85 1.63;  2000    (00080)
00090;    -18.776699   65.798103     0.31250    0.007663    24    47   895  1165   999  0.633 19.5 18.7 0.580 0.414 0.681 0.92 0.90 0.95;  2000    (00090)
00150;    -18.507900   65.501099     0.35938    0.008870    24    47  1053  1199  1119  0.562 17.1 15.1 0.494 0.283 0.613 0.94 0.90 1.33;  2000    (00150)
00166;    -19.051001   65.826599     0.34250    0.009656    28    62   755   972   816  0.837 18.3 16.4 0.607 0.315 0.764 0.91 0.88 1.06;  2000    (00166)
00167;    -18.011499   66.108498     0.33187    0.006266    18    32   460   746   599  0.630 28.4 26.7 0.670 0.356 0.814 0.92 0.84 1.07;  2000    (00167)
00374;    -15.342100   64.524002     0.30562    0.007591    24    41   985  1176  1066  0.780 18.2 16.5 0.533 0.306 0.740 0.88 0.73 0.90;  2000    (00374)
00393;    -15.954700   64.247101     0.35500    0.007382    20    38   964  1196  1080  0.542 23.1 22.3 0.597 0.447 0.696 0.94 0.92 1.15;  2000    (00393)
00507;    -14.993000   64.547096     0.32313    0.007536    23    46   857  1181  1005  0.914 23.5 23.1 0.687 0.325 0.947 0.86 0.70 1.17;  2003    (00507)
00528;    -14.106600   64.901604     0.33125    0.005297    15    28   659   928   778  0.413 36.8 34.6 0.719 0.432 0.874 0.97 0.96 1.04;  2003    (00528)
00548;    -23.789600   64.794403     0.31938    0.010029    31    54  1097  1393  1272  1.090 17.2 16.5 0.654 0.424 0.843 0.82 0.75 0.92;  2002    (00548)
00559;    -17.057600   64.109901     0.31375    0.007020    22    45  1039  1208  1117  0.601 19.7 18.0 0.549 0.254 0.662 0.93 0.91 0.85;  2000    (00559)
00567;    -19.718500   64.733597     0.34313    0.011340    33    61  1299  1388  1336  0.870  9.5  8.3 0.324 0.141 0.449 0.90 0.86 1.11;  2000    (00567)
00031;    -18.777500   65.697197     0.36500    0.008358    22    49  1002  1186  1078  0.576 19.9 19.2 0.595 0.355 0.766 0.94 0.91 1.40;  2000    (00031)
00060;    -18.590200   65.745499     0.38750    0.011593    29    53   970  1297  1083  1.036 18.0 17.4 0.737 0.388 0.936 0.86 0.82 0.90;  2000    (00060)
00061;    -18.931400   65.849998     0.42750    0.009394    21    42   798  1031   898  0.687 20.5 20.0 0.616 0.389 0.746 0.93 0.87 0.91;  2000    (00061)
00070;    -18.807699   65.767303     0.38062    0.011010    28    50   961  1215  1082  0.948 17.2 15.5 0.650 0.356 0.812 0.89 0.84 0.98;  2000    (00070)
00082;    -18.499599   65.778198     0.39125    0.012692    32    64   986  1268  1100  1.085 16.7 15.6 0.644 0.365 0.846 0.88 0.84 1.29;  2000    (00082)
00093;    -18.735300   65.808403     0.37562    0.009288    24    48   852  1104   968  0.691 20.9 19.3 0.612 0.404 0.706 0.93 0.91 0.92;  2000    (00093)
00116;    -18.736799   65.893303     0.41875    0.010576    25    45   842  1071   887  0.698 17.7 16.1 0.669 0.345 0.782 0.93 0.91 1.23;  2000    (00116)
00195;    -18.277901   65.566902     0.41000    0.010969    26    55   994  1244  1114  0.810 18.4 17.7 0.618 0.415 0.728 0.91 0.89 1.16;  2000    (00195)
00222;    -18.275200   65.645599     0.37562    0.009552    25    53  1181  1343  1241  0.704 16.2 14.4 0.531 0.244 0.725 0.92 0.88 1.31;  2000    (00222)
00253;    -19.226700   64.617897     0.38563    0.008743    22    54   952  1079   981  0.505 12.6 11.8 0.477 0.188 0.599 0.92 0.83 1.03;  1999    (00253)
00268;    -20.544100   64.687500     0.36562    0.009304    25    55   898  1092  1023  0.873 19.3 16.0 0.585 0.366 0.768 0.90 0.84 0.91;  2000    (00268)
00280;    -20.395100   64.799896     0.36188    0.009123    25    43   842  1327  1162  0.910 26.7 25.8 0.846 0.575 1.025 0.89 0.84 0.99;  2000    (00280)
00372;    -16.103600   64.171898     0.39375    0.007797    19    32   751  1096   888  0.682 29.4 28.5 0.765 0.459 0.980 0.92 0.80 0.99;  2000    (00372)
00375;    -15.232300   64.538902     0.36125    0.007815    21    40   975  1277  1111  0.692 25.0 23.8 0.665 0.467 0.769 0.91 0.81 0.79;  2000    (00375)
00382;    -15.916100   64.243896     0.40187    0.010414    25    46   910  1222  1067  0.876 20.0 19.5 0.639 0.430 0.772 0.88 0.81 0.92;  2000    (00382)
00433;    -16.113701   64.210503     0.42312    0.010068    23    41   799  1183   938  0.926 25.1 23.8 0.761 0.496 0.939 0.89 0.82 0.99;  2000    (00433)
00499;    -13.938600   65.513100     0.38500    0.009124    23    43   564   905   674  0.882 24.3 23.5 0.727 0.423 0.876 0.88 0.76 1.42;  2003    (00499)
00520;    -15.554200   64.794296     0.40687    0.011268    27    47  1390  1824  1629  1.115 23.4 22.2 0.809 0.555 0.950 0.88 0.85 0.97;  2000    (00520)
00557;    -15.998200   64.252998     0.38625    0.011947    30    65  1221  1382  1316  0.805 13.1 10.5 0.462 0.277 0.552 0.89 0.74 0.92;  2000    (00557)
00009;    -18.303101   65.638802     0.44500    0.012113    27    45  1122  1420  1249  0.920 19.2 18.2 0.650 0.410 0.793 0.89 0.82 0.99;  2000    (00009)
00015;    -19.003700   65.669403     0.46313    0.010941    23    43   863  1160   930  0.799 19.3 18.2 0.741 0.352 0.932 0.92 0.89 0.93;  2000    (00015)
00079;    -18.469801   65.778000     0.46250    0.009813    21    38   904  1148  1013  0.637 23.6 23.4 0.642 0.433 0.801 0.95 0.87 1.31;  2000    (00079)
00087;    -18.531099   65.788696     0.44750    0.011490    25    50  1009  1235  1106  0.774 18.2 17.5 0.590 0.446 0.725 0.93 0.90 1.23;  2000    (00087)
00107;    -19.042299   65.857697     0.47250    0.014659    31    54   719   951   810  1.035 15.9 13.9 0.569 0.224 0.715 0.90 0.85 1.02;  2000    (00107)
00165;    -18.004101   66.100800     0.46125    0.012262    26    55   510   735   585  0.762 18.5 16.5 0.601 0.340 0.743 0.92 0.86 1.42;  2000    (00165)
00169;    -18.731100   65.514801     0.48562    0.014682    30    60   959  1147  1046  0.780 14.7 12.9 0.522 0.333 0.693 0.93 0.91 0.94;  2000    (00169)
00190;    -19.144300   65.564903     0.50000    0.022052    44    98   578  1214   908  1.795 18.7 17.7 0.842 0.576 1.073 0.79 0.73 1.11;  2000    (00190)
00212;    -18.754999   65.607597     0.44188    0.015386    34    66   888  1151   991  1.000 14.0 13.2 0.584 0.338 0.706 0.87 0.83 1.14;  2000    (00212)
00254;    -19.270399   64.622398     0.45937    0.009064    19    35  1026  1197  1076  0.544 18.8 17.7 0.527 0.259 0.652 0.94 0.88 0.97;  1999    (00254)
00256;    -19.840500   64.509598     0.49500    0.010844    21    37   896  1126   976  0.740 21.8 20.9 0.695 0.340 0.882 0.94 0.89 1.10;  2000    (00256)
00269;    -20.432600   64.708298     0.43000    0.009588    22    40   710   879   786  0.611 17.2 16.9 0.505 0.333 0.616 0.93 0.82 1.05;  2000    (00269)
00272;    -19.705799   64.744301     0.49938    0.016092    32    56   729  1371  1167  1.492 24.0 23.0 1.016 0.469 1.303 0.84 0.81 0.93;  2000    (00272)
00273;    -19.701500   64.735100     0.48500    0.013925    28    55   893  1363  1245  1.209 22.8 21.9 0.848 0.494 1.117 0.86 0.79 0.91;  2000    (00273)
00368;    -18.996300   63.888100     0.47187    0.012849    27    51  1076  1165  1111  0.642 10.0  9.3 0.347 0.173 0.470 0.94 0.93 1.12;  1999    (00368)
00383;    -15.906700   64.248001     0.46687    0.014692    31    66  1062  1317  1126  1.049 14.5 13.0 0.611 0.402 0.771 0.84 0.76 0.68;  2000    (00383)
00389;    -15.891300   64.365700     0.45500    0.018816    41    77   992  1356  1198  1.586 14.9 14.0 0.693 0.426 0.864 0.79 0.67 1.17;  2000    (00389)
00392;    -16.143200   64.220901     0.44875    0.012798    28    55   695  1359  1043  1.203 29.6 28.3 0.970 0.620 1.258 0.87 0.83 0.80;  2000    (00392)
00492;    -14.972000   64.512497     0.47063    0.011865    25    45   910  1172  1021  0.779 20.5 19.9 0.657 0.393 0.829 0.93 0.87 1.31;  2003    (00492)
00498;    -13.954100   65.504601     0.45188    0.012495    27    62   580   819   703  0.918 18.3 16.8 0.605 0.415 0.754 0.91 0.86 1.22;  2003    (00498)
00511;    -14.752500   65.632004     0.44312    0.011178    25    52   864  1111   979  0.887 20.5 19.7 0.667 0.395 0.812 0.92 0.87 1.32;  2003    (00511)
00517;    -15.581000   64.809601     0.44750    0.014850    33    58  1062  1597  1195  1.381 20.9 20.0 0.942 0.545 1.164 0.84 0.78 1.05;  2000    (00517)
00521;    -15.544700   64.797897     0.48250    0.013671    28    50  1311  1794  1520  1.205 22.7 21.9 0.796 0.528 1.003 0.86 0.76 0.85;  2000    (00521)
00522;    -15.556800   64.804398     0.43438    0.011980    27    57  1421  1798  1721  1.120 19.4 19.0 0.735 0.331 0.944 0.83 0.71 1.24;  2000    (00522)
00556;    -15.428200   64.513702     0.47875    0.011574    24    43   976  1320  1157  1.322 24.6 22.9 0.733 0.387 0.908 0.89 0.79 0.85;  2000    (00556)
00565;    -18.967300   63.910000     0.45563    0.012970    28    57   846  1087   962  0.859 16.8 16.1 0.610 0.344 0.756 0.91 0.88 0.85;  1999    (00565)
00049;    -18.479401   65.825401     0.55875    0.014601    26    49   920  1241  1031  0.902 22.4 20.9 0.748 0.368 1.005 0.93 0.88 1.45;  2000    (00049)
00052;    -18.553200   65.724602     0.57813    0.012267    21    41   979  1230  1085  0.729 25.0 23.3 0.643 0.243 0.818 0.95 0.91 1.30;  2000    (00052)
00057;    -18.538401   65.733299     0.52187    0.013585    26    49   861  1199   963  0.770 21.3 20.4 0.716 0.413 0.912 0.94 0.91 1.27;  2000    (00057)
00072;    -18.804199   65.752296     0.51938    0.013650    26    49   937  1180  1047  0.977 18.2 17.1 0.604 0.323 0.751 0.90 0.84 0.97;  2000    (00072)
00084;    -18.414499   65.474403     0.59750    0.018510    30    62  1009  1247  1095  0.896 15.7 14.6 0.596 0.321 0.760 0.94 0.91 1.14;  2000    (00084)
00085;    -18.430000   65.477097     0.57063    0.015655    27    55  1092  1284  1152  0.794 15.5 13.7 0.595 0.339 0.845 0.93 0.84 1.25;  2000    (00085)
00098;    -18.521299   65.804001     0.58125    0.015741    27    58   946  1192  1023  0.869 18.7 17.2 0.652 0.375 0.840 0.93 0.89 1.36;  2000    (00098)
00102;    -18.903299   65.811600     0.58750    0.014119    24    45   855  1128   985  0.756 22.8 22.3 0.676 0.332 0.856 0.95 0.89 1.42;  2000    (00102)
00109;    -18.489500   65.854202     0.56875    0.016479    28    54   926  1114  1017  0.796 15.8 13.2 0.510 0.282 0.681 0.93 0.92 0.88;  2000    (00109)
00129;    -18.734600   65.916496     0.51187    0.013354    26    48   861  1159   990  0.916 21.0 20.3 0.680 0.407 0.828 0.92 0.85 1.36;  2000    (00129)
00130;    -17.756800   65.909500     0.52812    0.015146    28    54   825   994   918  0.788 14.4 13.3 0.491 0.263 0.597 0.93 0.89 1.25;  2000    (00130)
00147;    -18.210800   66.025902     0.55000    0.014940    27    54   625   933   788  1.021 20.9 19.5 0.687 0.454 0.869 0.91 0.87 1.30;  2000    (00147)
00199;    -18.412300   65.582199     0.53312    0.012692    23    46  1064  1321  1197  0.785 21.6 18.7 0.608 0.397 0.704 0.93 0.90 1.17;  2000    (00199)
00201;    -18.251400   65.551498     0.53438    0.014151    26    45  1187  1493  1290  0.976 19.7 18.9 0.701 0.406 0.885 0.91 0.86 1.03;  2000    (00201)
00224;    -18.931700   65.661598     0.57875    0.024197    41    78   914  1161  1037  1.199 11.3 10.8 0.525 0.373 0.620 0.87 0.84 1.00;  2000    (00224)
00257;    -19.297800   64.639503     0.52875    0.015364    29    67   943  1227  1078  0.986 19.5 16.8 0.639 0.454 0.736 0.91 0.85 0.86;  1999    (00257)
00355;    -19.610300   63.781502     0.54812    0.024602    44   105  1033  1200  1154  1.005 10.2  8.7 0.464 0.288 0.598 0.88 0.81 0.60;  2003    (00355)
00384;    -16.160601   64.229103     0.50313    0.011678    23    44   783  1216  1024  0.857 28.6 27.7 0.827 0.534 1.017 0.93 0.89 0.99;  2000    (00384)
00385;    -15.841700   64.373199     0.54375    0.018619    34    86   917  1233  1061  1.349 17.3 16.3 0.750 0.321 1.007 0.87 0.81 0.70;  2000    (00385)
00467;    -15.980200   64.251701     0.57063    0.022310    39    82   894  1380  1322  1.466 16.4 14.4 0.947 0.472 1.329 0.80 0.70 0.69;  2000    (00467)
00497;    -15.003400   64.582397     0.58813    0.020043    34    67   896  1150   986  1.177 13.4 12.7 0.591 0.349 0.764 0.88 0.77 1.02;  2003    (00497)
00510;    -14.768700   65.619400     0.51938    0.015968    30    67   878  1202  1077  1.239 18.7 16.7 0.706 0.489 0.935 0.89 0.85 0.82;  2003    (00510)
00530;    -14.353900   64.966103     0.51500    0.012295    23    46   703  1023   823  0.745 23.0 22.2 0.657 0.446 0.824 0.94 0.89 1.28;  2003    (00530)
00058;    -18.839899   65.742302     0.64312    0.022120    34    63   890  1114   975  1.137 14.0 11.6 0.562 0.315 0.766 0.90 0.86 1.17;  2000    (00058)
00078;    -18.557100   65.773903     0.68125    0.028067    41    82   710  1139   916  1.624 15.5 14.2 0.715 0.476 0.914 0.85 0.81 1.17;  2000    (00078)
00105;    -18.987200   65.851097     0.73125    0.019941    27    56   894  1101   994  0.780 15.7 14.7 0.525 0.333 0.658 0.94 0.88 0.89;  2000    (00105)
00112;    -18.965099   65.872597     0.73125    0.023115    31    69   812  1004   928  0.875 14.7 13.0 0.510 0.340 0.704 0.92 0.82 0.64;  2000    (00112)
00113;    -18.948401   65.874199     0.71875    0.023686    32    55   800  1042   923  1.087 14.4 13.7 0.633 0.310 0.830 0.92 0.88 0.94;  2000    (00113)
00121;    -18.843599   65.902000     0.67875    0.021876    32    74   775  1146   920  1.152 18.2 16.7 0.734 0.456 0.952 0.91 0.89 1.23;  2000    (00121)
00189;    -18.282400   65.554497     0.73250    0.021577    29    57  1100  1328  1184  0.836 16.5 15.5 0.591 0.323 0.738 0.95 0.91 1.44;  2000    (00189)
00213;    -19.096800   65.599197     0.66750    0.024435    36    79   885  1265  1038  1.389 18.7 17.0 0.760 0.393 1.027 0.90 0.83 1.54;  2000    (00213)
00225;    -18.678900   65.822502     0.65250    0.022211    34    73   749  1066   920  1.115 16.5 15.8 0.615 0.411 0.741 0.89 0.83 1.19;  2000    (00225)
00271;    -19.715000   64.744904     0.70250    0.028404    40    86   696  1393  1224  1.884 19.2 18.1 1.119 0.505 1.523 0.82 0.77 0.81;  2000    (00271)
00279;    -20.461800   64.785797     0.60813    0.014110    23    48   982  1237  1044  0.684 19.1 18.4 0.674 0.354 0.803 0.95 0.93 1.20;  2000    (00279)
00289;    -17.907801   64.732903     0.68250    0.027908    40    93  1333  1536  1499  0.918 10.2  8.5 0.528 0.334 0.729 0.90 0.85 0.68;  2000    (00289)
00356;    -19.574100   63.815102     0.62375    0.026311    42    82   821  1223  1024  1.775 15.3 14.3 0.734 0.419 0.910 0.82 0.68 0.64;  2003    (00356)
00364;    -19.127199   63.898701     0.62062    0.018894    30    59   903  1200  1017  1.124 17.8 15.1 0.635 0.432 0.784 0.90 0.85 1.21;  1999    (00364)
00379;    -15.653600   64.422897     0.62375    0.017635    28    54   888  1123  1019  0.942 16.6 14.7 0.540 0.278 0.660 0.91 0.82 0.94;  2000    (00379)
00380;    -16.614099   64.641701     0.71813    0.026246    36    78  1661  1911  1878  0.846 14.7 13.4 0.647 0.327 0.908 0.94 0.92 0.54;  2000    (00380)
00388;    -15.339000   64.540199     0.64687    0.024958    38    77   879  1285   990  1.795 14.8 14.0 0.792 0.455 1.047 0.81 0.72 0.72;  2000    (00388)
00456;    -17.830000   64.487602     0.68250    0.019451    28    50  1077  1511  1342  1.304 22.2 20.7 0.966 0.344 1.365 0.90 0.86 0.90;  2000    (00456)
00458;    -16.180500   64.161797     0.70437    0.021422    30    60   826  1120   971  1.153 16.5 15.9 0.627 0.345 0.788 0.90 0.84 0.89;  2000    (00458)
00504;    -15.010700   64.552696     0.63313    0.015325    24    41   954  1198  1112  0.706 19.5 19.1 0.626 0.379 0.796 0.95 0.91 0.94;  2003    (00504)
00523;    -15.541400   64.807899     0.70625    0.018495    26    47   979  1528  1241  1.111 28.5 28.1 0.922 0.529 1.139 0.93 0.88 1.26;  2000    (00523)
00003;    -23.804300   64.797897     0.75250    0.023863    31    58   826  1410  1093  2.045 22.8 22.1 0.940 0.587 1.155 0.88 0.84 0.90;  2002    (00003)
00013;    -18.322500   65.643600     0.82500    0.027440    33    64  1076  1435  1171  1.297 16.3 15.3 0.711 0.419 0.922 0.90 0.83 1.34;  2000    (00013)
00014;    -18.970900   65.668297     0.77063    0.025589    33    75   894  1193   988  1.029 17.2 15.3 0.644 0.417 0.814 0.93 0.89 1.52;  2000    (00014)
00028;    -18.865801   65.653503     0.89687    0.028185    31    67  1058  1316  1174  1.076 16.3 14.5 0.605 0.321 0.726 0.94 0.92 0.87;  2000    (00028)
00029;    -18.772499   65.642502     0.85813    0.032364    37    70   928  1186  1051  1.173 11.8 10.6 0.546 0.229 0.640 0.90 0.87 0.98;  2000    (00029)
00039;    -19.021999   65.717400     0.82125    0.025772    31    71   874  1154   979  0.896 17.4 15.7 0.633 0.344 0.865 0.95 0.89 1.49;  2000    (00039)
00044;    -18.568001   65.717201     0.86750    0.027089    31    60  1047  1280  1175  1.060 15.9 13.3 0.568 0.339 0.731 0.93 0.91 0.86;  2000    (00044)
00055;    -18.793100   65.731102     0.76625    0.018385    23    43   965  1288  1084  0.844 21.6 20.4 0.683 0.429 0.814 0.94 0.89 1.08;  2000    (00055)
00064;    -18.502600   65.470497     0.76625    0.019300    25    56  1041  1291  1140  0.986 22.2 19.8 0.678 0.324 0.881 0.95 0.90 1.61;  2000    (00064)
00066;    -18.851200   65.759598     0.85188    0.024410    28    60   878  1179   991  1.010 19.4 17.3 0.679 0.458 0.835 0.94 0.92 1.05;  2000    (00066)
00081;    -18.523899   65.777702     0.83125    0.024586    29    62  1005  1277  1092  1.049 16.0 14.7 0.681 0.338 0.836 0.94 0.92 1.15;  2000    (00081)
00096;    -18.510401   65.844498     0.75187    0.022610    30    57   940  1171  1033  0.864 15.8 14.6 0.585 0.346 0.709 0.94 0.93 1.09;  2000    (00096)
00100;    -18.868999   65.803398     0.80375    0.023389    29    55   889  1201  1041  1.050 19.1 17.5 0.657 0.464 0.798 0.93 0.90 1.13;  2000    (00100)
00106;    -18.969101   65.852303     0.88250    0.027294    30    59   789  1079   938  1.333 16.8 15.7 0.631 0.509 0.761 0.93 0.89 1.03;  2000    (00106)
00141;    -19.031099   65.822197     0.76125    0.023932    31    59   798  1088   876  1.130 15.9 14.4 0.674 0.388 0.897 0.94 0.91 1.15;  2000    (00141)
00151;    -18.227501   66.057404     0.76313    0.023141    30    80   570   837   686  0.949 19.5 16.5 0.644 0.388 0.800 0.94 0.91 1.22;  2000    (00151)
00173;    -18.667601   65.525703     0.77187    0.023693    30    66  1000  1234  1075  1.075 15.6 13.6 0.647 0.423 0.789 0.93 0.91 1.19;  2000    (00173)
00194;    -18.402500   65.559898     0.78938    0.022510    28    51  1055  1337  1166  0.990 18.6 16.7 0.652 0.398 0.788 0.93 0.90 1.14;  2000    (00194)
00205;    -18.373600   65.573799     0.83562    0.025404    30    58  1094  1354  1198  1.111 15.3 13.9 0.625 0.347 0.742 0.93 0.90 0.84;  2000    (00205)
00266;    -19.242300   64.647797     0.89438    0.023190    25    45   977  1428  1144  1.066 25.5 24.0 0.847 0.540 1.054 0.95 0.93 1.15;  1999    (00266)
00378;    -16.214001   64.195099     0.81937    0.024197    29    58   787  1185  1026  1.323 20.1 18.8 0.717 0.369 0.877 0.89 0.83 0.89;  2000    (00378)
00403;    -15.919400   64.335297     0.81688    0.022016    26    57   831  1235  1057  1.004 22.6 21.5 0.733 0.478 0.863 0.93 0.87 1.19;  2000    (00403)
00457;    -16.795300   64.053001     0.83688    0.030612    36    71  1161  1482  1332  1.440 15.5 14.1 0.681 0.381 0.872 0.89 0.82 0.81;  2000    (00457)
00461;    -16.632200   64.631599     0.80750    0.027352    33    72  1639  1910  1883  1.059 14.0 11.2 0.633 0.304 0.822 0.91 0.84 0.70;  2000    (00461)
00462;    -15.690800   64.420097     0.86687    0.036461    42    75   915  1193  1086  1.588 12.3 10.8 0.649 0.292 0.890 0.87 0.82 0.89;  2000    (00462)
00469;    -15.773500   64.362297     0.78625    0.019498    24    45   884  1205  1060  0.905 20.3 20.1 0.654 0.439 0.768 0.92 0.83 1.03;  2000    (00469)
00484;    -15.365500   64.474297     0.75687    0.016892    22    38   893  1225  1071  0.881 24.9 24.0 0.709 0.451 0.889 0.94 0.87 0.93;  2000    (00484)
00516;    -15.581000   64.804100     0.82813    0.026348    31    50  1056  1789  1399  1.673 24.8 24.1 1.126 0.601 1.593 0.88 0.83 1.01;  2000    (00516)
00564;    -19.580000   63.809601     0.77000    0.026827    34    74   960  1254  1102  1.253 14.2 13.8 0.631 0.382 0.744 0.91 0.87 1.07;  2003    (00564)
00005;    -23.799299   64.804604     0.96813    0.039156    40    77   923  1406  1140  1.919 16.1 14.7 0.790 0.428 0.950 0.87 0.83 0.90;  2002    (00005)
00006;    -23.753000   64.800301     0.91375    0.036193    39    72   765  1339  1044  1.928 17.3 16.7 0.807 0.555 1.054 0.84 0.66 0.75;  2002    (00006)
00010;    -18.293900   65.649498     0.99875    0.034385    34    64  1061  1347  1171  1.167 15.2 12.8 0.611 0.378 0.831 0.92 0.85 1.04;  2000    (00010)
00046;    -18.598400   65.723900     0.93000    0.029340    31    61   868  1203  1024  1.182 16.5 15.6 0.654 0.448 0.771 0.93 0.90 1.05;  2000    (00046)
00110;    -18.461800   65.864998     1.07125    0.033652    31    57   756  1189   961  1.431 18.7 16.7 0.743 0.502 0.905 0.91 0.84 1.10;  2000    (00110)
00118;    -18.461901   65.482697     0.95937    0.035171    36    89   909  1246  1073  1.193 17.5 15.6 0.654 0.450 0.778 0.93 0.89 1.40;  2000    (00118)
00133;    -17.774799   65.951599     0.96937    0.034667    35    69   775  1133   965  1.306 15.6 14.3 0.650 0.429 0.787 0.91 0.88 1.02;  2000    (00133)
00177;    -18.340900   65.535797     0.92500    0.038877    42    87   954  1313  1111  1.474 13.8 12.4 0.632 0.436 0.764 0.89 0.85 1.19;  2000    (00177)
00191;    -18.705299   65.819801     0.90500    0.032743    36    70   812  1119   927  1.159 14.9 13.0 0.636 0.389 0.788 0.93 0.91 0.99;  2000    (00191)
00214;    -19.106400   65.605103     0.93812    0.030010    31    66   939  1245  1036  1.088 15.6 14.2 0.655 0.378 0.857 0.93 0.91 0.97;  2000    (00214)
00215;    -19.127800   65.613602     0.99813    0.030577    30    59   906  1135   996  0.909 16.5 14.3 0.581 0.350 0.775 0.95 0.93 1.25;  2000    (00215)
00248;    -20.709299   64.528603     1.01375    0.053788    53    99   897  1344  1217  2.072 11.6 10.8 0.705 0.474 0.837 0.84 0.80 0.82;  2000    (00248)
00281;    -20.363501   64.766296     1.00125    0.049031    48    85  1169  1681  1469  2.389 13.9 12.8 0.728 0.419 0.956 0.82 0.65 0.65;  2000    (00281)
00298;    -20.573700   64.589897     0.98313    0.044267    45    94  1125  1400  1253  1.773 11.1 10.6 0.609 0.262 0.798 0.86 0.75 0.63;  2000    (00298)
00316;    -19.577200   63.599400     1.08500    0.042119    38    72   954  1348  1141  1.766 14.6 13.8 0.685 0.380 0.920 0.86 0.74 0.84;  2000    (00316)
00351;    -19.598000   63.809898     1.03500    0.039955    38    74   833  1236  1030  1.583 14.9 14.5 0.710 0.495 0.841 0.90 0.88 0.92;  2003    (00351)
00354;    -19.560600   63.814602     1.00750    0.039673    39    70   786  1247  1097  1.723 15.3 14.3 0.756 0.523 0.912 0.87 0.82 1.13;  2003    (00354)
00455;    -16.170000   64.237297     1.03313    0.030880    29    52   809  1278   995  1.434 21.9 20.9 0.857 0.483 1.108 0.92 0.87 0.76;  2000    (00455)
00460;    -16.776600   64.047897     0.98438    0.042182    42    82   767  1743  1217  2.493 21.4 20.3 1.143 0.675 1.640 0.80 0.67 1.06;  2000    (00460)
00518;    -15.578800   64.794800     0.96188    0.034565    35    67  1114  1816  1466  1.929 21.3 20.6 1.088 0.590 1.513 0.87 0.81 0.95;  2000    (00518)
00036;    -18.918100   65.705498     1.16375    0.053451    45    89   913  1232  1097  1.663 12.2 10.4 0.611 0.467 0.742 0.90 0.85 0.81;  2000    (00036)
00069;    -18.760599   65.763397     1.21875    0.032818    26    54   902  1281  1025  0.916 22.2 20.3 0.782 0.394 1.052 0.96 0.95 0.95;  2000    (00069)
00094;    -18.761101   65.806602     1.19750    0.037520    31    61   873  1168   977  1.102 16.1 14.7 0.655 0.409 0.780 0.94 0.89 1.18;  2000    (00094)
00140;    -19.010901   65.815903     1.12875    0.032880    29    60   849  1052   942  0.851 15.3 12.8 0.513 0.249 0.633 0.95 0.93 1.00;  2000    (00140)
00193;    -19.111300   65.564400     1.16688    0.042676    36    83   824  1227   938  1.198 18.2 17.2 0.773 0.456 1.028 0.95 0.91 1.55;  2000    (00193)
00206;    -18.563700   65.433701     1.24812    0.037028    29    57  1021  1242  1123  0.961 15.8 14.0 0.563 0.323 0.712 0.96 0.94 1.09;  2000    (00206)
00207;    -19.035400   65.582397     1.34750    0.052630    39    70   931  1219  1044  1.403 14.2 11.8 0.641 0.330 0.815 0.93 0.91 1.25;  2000    (00207)
00211;    -18.720100   65.601700     1.46625    0.046319    31    64   932  1196   993  0.835 13.9 11.5 0.644 0.318 0.817 0.95 0.89 1.14;  2000    (00211)
00275;    -19.726000   64.745903     1.25812    0.062809    49    84   665  1427  1253  2.556 15.9 14.8 1.083 0.570 1.426 0.82 0.71 0.80;  2000    (00275)
00297;    -20.617701   64.590401     1.41688    0.072957    51    80  1007  1364  1259  1.953 10.3  9.5 0.652 0.347 0.811 0.89 0.85 0.81;  2000    (00297)
00352;    -19.606100   63.799500     1.21875    0.062711    51    87   906  1226  1119  2.094  9.7  9.3 0.601 0.332 0.782 0.85 0.74 0.87;  2003    (00352)
00362;    -19.138300   63.891800     1.36813    0.059527    43    79   953  1220  1069  1.520 10.3  8.9 0.569 0.303 0.704 0.89 0.80 0.94;  1999    (00362)
00366;    -18.966101   63.897701     1.22063    0.047212    38    71   854  1148   978  1.481 13.4 11.1 0.620 0.488 0.766 0.91 0.88 0.96;  1999    (00366)
00451;    -16.112600   64.202599     1.22250    0.042407    34    68   772  1233   954  1.410 17.7 16.8 0.771 0.441 0.966 0.92 0.89 1.20;  2000    (00451)
00454;    -16.589199   64.667801     1.10938    0.049268    44    90  1248  1812  1747  1.878 16.1 15.1 1.035 0.405 1.493 0.87 0.78 0.62;  2000    (00454)
00482;    -16.600800   64.653900     1.26875    0.058921    46   106  1210  1871  1788  2.115 16.5 15.2 1.132 0.472 1.651 0.87 0.79 0.57;  2000    (00482)
00002;    -23.768600   64.795097     1.90125    0.074366    39    69   750  1394  1132  2.085 17.7 17.1 0.852 0.493 1.062 0.90 0.78 0.87;  2002    (00002)
00048;    -18.519501   65.827202     1.80563    0.074157    41    84   724  1187   916  1.660 15.0 14.1 0.761 0.442 0.985 0.93 0.89 1.20;  2000    (00048)
00074;    -18.818899   65.761101     1.89938    0.072528    38    70   884  1200  1084  1.825 15.0 12.4 0.626 0.384 0.821 0.94 0.92 0.95;  2000    (00074)
00089;    -18.805500   65.790398     1.74125    0.050651    29    57   848  1176   982  1.068 17.8 16.5 0.651 0.436 0.783 0.96 0.94 1.15;  2000    (00089)
00104;    -18.969601   65.839500     1.53125    0.050952    33    63   825  1109   966  1.167 15.7 14.0 0.619 0.309 0.780 0.95 0.93 0.84;  2000    (00104)
00119;    -18.488899   65.488403     1.61813    0.079031    48   102  1024  1291  1169  1.811 12.7  9.1 0.591 0.331 0.811 0.91 0.82 0.90;  2000    (00119)
00186;    -18.358400   65.551498     1.53625    0.053451    34    70   971  1393  1123  1.490 16.6 15.1 0.738 0.493 0.931 0.93 0.89 0.99;  2000    (00186)
00197;    -18.880400   65.575203     1.89562    0.077313    40    79   936  1243  1122  1.861 14.0 12.0 0.682 0.412 0.898 0.93 0.88 0.82;  2000    (00197)
00203;    -18.371901   65.584702     1.85187    0.066927    36    77   952  1384  1125  1.736 16.5 14.9 0.720 0.498 0.932 0.89 0.64 1.19;  2000    (00203)
00230;    -18.495001   64.878304     1.69313    0.086848    51    86   950  1419  1310  2.183 10.5  9.6 0.747 0.410 1.037 0.85 0.75 0.84;  1999    (00230)
00231;    -18.514999   64.870399     1.68000    0.075675    45    86  1239  1421  1314  1.626  8.9  8.1 0.500 0.316 0.642 0.92 0.85 0.71;  1999    (00231)
00261;    -19.194700   64.642502     1.67625    0.068632    40    78   879  1217  1102  1.568 13.1 11.1 0.616 0.359 0.798 0.91 0.85 0.88;  1999    (00261)
00288;    -17.890499   64.740601     1.83125    0.076549    41    75  1189  1535  1444  1.668 15.7 12.3 0.726 0.322 1.014 0.93 0.90 0.73;  2000    (00288)
00315;    -19.714701   63.628201     1.64750    0.105652    64   130   900  1355  1082  3.310  9.1  8.0 0.603 0.381 0.773 0.70 0.22 0.73;  2000    (00315)
00333;    -19.294701   63.686699     1.75937    0.089500    50   101   783  1422  1298  2.467 14.6 12.3 0.889 0.581 1.101 0.89 0.86 0.89;  1999    (00333)
00334;    -19.308001   63.663502     1.63000    0.090758    55    91   714  1428  1254  2.767 13.5 12.6 1.008 0.485 1.407 0.85 0.81 0.77;  1999    (00334)
00338;    -19.238199   63.568699     1.75063    0.095868    54    94   774  1137   940  2.523  9.2  8.8 0.585 0.308 0.723 0.81 0.50 0.76;  1999    (00338)
00434;    -16.129700   64.215500     1.75875    0.068428    38    97   328  1523   931  2.527 26.4 25.1 1.192 0.711 1.471 0.89 0.83 1.37;  2000    (00434)
00441;    -15.818000   64.375900     1.83250    0.081259    44    91   797  1199   974  2.204 12.8 11.6 0.662 0.401 0.848 0.87 0.67 0.85;  2000    (00441)
00442;    -15.672200   64.417900     1.59688    0.060361    37    83   728  1183  1013  1.909 16.8 15.0 0.783 0.465 0.948 0.92 0.87 1.05;  2000    (00442)
00444;    -15.452700   64.513496     1.76063    0.067624    38    73   919  1299  1135  1.727 14.3 13.8 0.714 0.374 0.929 0.93 0.85 1.01;  2000    (00444)
00447;    -16.045099   64.268501     1.80875    0.085244    47   101   713  1296  1211  2.019 14.8 13.4 1.071 0.420 1.676 0.90 0.82 0.69;  2000    (00447)
00448;    -16.130400   64.195702     1.74000    0.068422    39    70   743  1369  1043  1.818 19.2 17.1 0.836 0.592 0.983 0.92 0.87 0.90;  2000    (00448)
00450;    -16.759600   64.044098     1.59375    0.057195    35    67   611  1833  1463  2.438 28.2 27.2 1.402 0.758 1.860 0.90 0.85 1.09;  2000    (00450)
00007;    -23.752199   64.811600     2.70375    0.118451    43    81   698  1325   961  2.433 15.7 14.7 0.856 0.608 1.036 0.92 0.84 0.86;  2002    (00007)
00008;    -18.542000   65.404503     2.16125    0.090939    42    94   914  1218  1072  1.522 13.6 10.2 0.596 0.445 0.703 0.94 0.90 1.01;  2000    (00008)
00067;    -18.503201   65.765602     2.27375    0.136003    59   116   846  1245  1014  2.391 10.5  9.1 0.635 0.461 0.784 0.91 0.87 1.16;  2000    (00067)
00071;    -18.792200   65.770798     2.14438    0.084477    39    78   742  1305  1025  1.850 16.7 14.7 0.780 0.543 0.922 0.92 0.88 0.89;  2000    (00071)
00137;    -17.759701   65.976303     2.16562    0.087258    40    82   622  1067   873  1.656 15.9 13.9 0.746 0.557 0.875 0.95 0.93 0.91;  2000    (00137)
00198;    -18.908100   65.579002     2.09313    0.091258    43    94   970  1250  1114  1.532 12.1 10.4 0.578 0.294 0.725 0.94 0.91 0.78;  2000    (00198)
00202;    -18.247999   65.570099     2.46375    0.128543    52   102   793  1454  1081  2.716 14.7 13.4 0.871 0.522 1.067 0.91 0.85 1.13;  2000    (00202)
00208;    -19.063700   65.594704     2.37063    0.103796    43    94   750  1206   941  1.624 16.0 14.0 0.753 0.471 1.021 0.96 0.93 1.35;  2000    (00208)
00243;    -20.649799   64.549797     2.93187    0.199133    67   128   717  1359   930  3.883 11.0  9.5 0.889 0.500 1.352 0.86 0.79 1.22;  2000    (00243)
00244;    -20.688000   64.557701     2.79125    0.153161    54   100   645  1357   944  3.279 14.0 12.9 1.028 0.537 1.460 0.89 0.84 0.89;  2000    (00244)
00245;    -20.741501   64.548897     2.71563    0.154026    56   110   704  1331  1147  3.109 13.9 12.7 0.929 0.499 1.441 0.89 0.82 0.58;  2000    (00245)
00246;    -20.654400   64.535599     2.03437    0.104007    51    85   766  1292  1098  2.557 12.0 11.4 0.788 0.436 1.153 0.86 0.71 0.69;  2000    (00246)
00247;    -20.661400   64.555901     2.30063    0.131378    57   115   742  1330   918  3.354 11.7 10.3 0.850 0.486 1.171 0.84 0.74 1.11;  2000    (00247)
00278;    -20.358200   64.776604     2.84125    0.129383    45    74   578  1699  1448  2.703 18.0 16.3 1.031 0.548 1.342 0.91 0.79 0.80;  2000    (00278)
00283;    -20.374599   64.789200     2.83000    0.144137    50    93   627  1691  1376  3.601 17.9 16.3 1.360 0.613 1.862 0.88 0.84 0.80;  2000    (00283)
00287;    -17.969700   64.746803     2.52750    0.127209    50   100  1034  1505  1389  2.106 12.5 10.2 0.791 0.435 1.043 0.92 0.89 0.96;  2000    (00287)
00307;    -20.253500   64.700401     2.91313    0.175142    60   103   716  1366  1166  3.580 11.9 10.9 0.934 0.482 1.287 0.88 0.84 0.85;  2000    (00307)
00308;    -20.597200   64.588898     2.37312    0.115668    48    75  1079  1403  1284  2.004 10.7  9.6 0.606 0.380 0.792 0.91 0.82 0.79;  2000    (00308)
00318;    -19.509399   63.644798     2.97688    0.171922    57    87   637  1243   990  2.994 12.1 11.2 0.753 0.467 0.944 0.88 0.75 0.72;  2000    (00318)
00335;    -19.137699   63.555698     2.98438    0.200106    67   120   648  1461  1011  4.195 11.0 10.4 0.822 0.528 1.045 0.80 0.59 0.74;  1999    (00335)
00337;    -19.284300   63.705700     2.73188    0.145248    53   113   639  1388  1164  3.051 15.5 14.2 1.006 0.574 1.354 0.91 0.86 0.69;  1999    (00337)
00350;    -19.587299   63.782501     2.32125    0.130845    56   108  1008  1434  1160  2.411 10.1  8.8 0.663 0.473 0.814 0.88 0.84 0.79;  2003    (00350)
00359;    -19.616400   63.791901     2.78313    0.149343    53    91   788  1239  1096  2.482 11.8 10.5 0.732 0.451 0.942 0.92 0.88 0.76;  2003    (00359)
00436;    -16.529900   63.983200     2.11250    0.100023    47    94   590  1255   924  2.547 14.6 14.0 0.798 0.534 0.973 0.86 0.67 0.94;  2000    (00436)
00437;    -16.849800   64.100601     2.02625    0.094610    46    80   599  1311  1144  2.602 15.3 14.1 0.958 0.560 1.341 0.87 0.81 0.88;  2000    (00437)
00439;    -15.513400   64.660896     2.93187    0.161802    55    99   786  1368  1113  2.959 11.4 10.6 0.779 0.506 0.910 0.88 0.83 0.88;  2000    (00439)
00440;    -16.698999   64.670700     2.50188    0.119819    47   103  1099  1840  1693  2.598 14.8 13.7 1.103 0.571 1.553 0.90 0.82 0.87;  2000    (00440)
00446;    -16.589600   64.680199     2.03375    0.073585    36    75  1235  1812  1612  1.836 19.7 19.2 0.940 0.454 1.181 0.94 0.91 0.75;  2000    (00446)
00487;    -14.944600   64.521301     2.68875    0.098385    36    63   514  1219  1011  1.977 17.6 17.3 0.842 0.540 1.078 0.88 0.69 1.00;  2003    (00487)
00512;    -15.044800   64.619904     2.76938    0.123567    44    89   879  1158  1017  1.914 10.4  9.5 0.550 0.289 0.723 0.93 0.85 0.88;  2003    (00512)
00542;    -22.296400   66.219498     2.84875    0.127334    44    71   375   839   704  1.824 14.6 11.8 0.715 0.534 0.852 0.92 0.82 0.92;  2004    (00542)
00543;    -22.326099   66.220901     2.58375    0.114382    44    86   462   846   705  1.782 15.8 11.6 0.672 0.370 0.805 0.94 0.92 0.97;  2004    (00543)
00554;    -14.882700   64.686996     2.76313    0.128611    46    87   913  1282  1114  1.906 11.1  9.9 0.627 0.499 0.775 0.92 0.81 0.86;  2003    (00554)
00555;    -15.057600   64.613998     2.19500    0.098961    45    90   909  1150  1070  1.703 10.6  7.9 0.482 0.317 0.568 0.89 0.76 0.99;  2003    (00555)
00566;    -20.643000   64.598602     2.82313    0.145551    51   113   797  1343  1072  3.220 13.2 12.2 0.926 0.431 1.262 0.90 0.86 0.66;  2000    (00566)
00001;    -23.785200   64.817398     4.90813    0.237264    48    91   624  1406   900  3.083 15.0 14.4 1.011 0.555 1.214 0.94 0.91 0.93;  2002    (00001)
00017;    -18.919600   65.672501     3.27438    0.169996    51    99   896  1333  1051  2.221 12.0  9.7 0.715 0.361 0.898 0.93 0.87 1.08;  2000    (00017)
00026;    -18.810699   65.688904     4.77313    0.223486    46    92   708  1288  1098  2.222 13.2 11.2 0.758 0.507 0.932 0.92 0.85 1.15;  2000    (00026)
00041;    -18.964399   65.711899     4.71188    0.261044    55   101   891  1239  1042  1.878 11.1  9.1 0.633 0.483 0.775 0.97 0.95 1.13;  2000    (00041)
00043;    -18.656700   65.711700     3.16438    0.153023    48    93   592  1266  1019  2.608 14.8 13.4 0.843 0.558 1.095 0.91 0.85 1.13;  2000    (00043)
00221;    -18.865900   65.629601     4.54000    0.212961    46    84   950  1314  1152  2.140 13.0 10.6 0.668 0.356 0.834 0.96 0.91 0.98;  2000    (00221)
00241;    -20.715000   64.554199     4.46875    0.262219    58    94   647  1360  1108  3.711 13.3 11.8 0.990 0.488 1.541 0.92 0.89 0.74;  2000    (00241)
00242;    -20.683399   64.528702     4.49500    0.261875    58    96   753  1343  1127  3.029 11.5 10.5 0.838 0.518 1.082 0.93 0.91 0.88;  2000    (00242)
00252;    -20.883499   64.608101     3.37000    0.166516    49    95   901  1151  1047  1.748 10.6  8.3 0.546 0.335 0.666 0.95 0.93 1.01;  2000    (00252)
00270;    -19.746599   64.744102     3.66812    0.200826    54   125   714  1448  1202  2.765 15.0 11.6 0.970 0.687 1.306 0.92 0.89 0.99;  2000    (00270)
00276;    -20.392099   64.761002     4.88938    0.234697    48    73  1210  1783  1484  2.316 13.7 12.4 0.788 0.488 0.950 0.95 0.92 0.93;  2000    (00276)
00277;    -20.415800   64.785599     4.84750    0.261131    53    89   920  1799  1444  3.263 14.2 12.8 1.050 0.562 1.621 0.92 0.88 0.94;  2000    (00277)
00314;    -19.488600   63.634399     3.88750    0.256227    65   124   571  1258  1103  3.357 11.2 10.0 0.919 0.396 1.280 0.89 0.88 0.72;  2000    (00314)
00321;    -19.605101   63.603901     4.25000    0.233529    54    98   568  1606  1188  3.812 15.3 14.7 1.012 0.640 1.314 0.90 0.84 0.98;  2000    (00321)
00322;    -19.659700   63.608299     3.42125    0.205333    60    95   748  1580  1112  3.853 12.4 12.1 0.922 0.551 1.115 0.88 0.86 0.90;  2000    (00322)
00323;    -19.588900   63.647400     3.40000    0.157703    46    91   607  1493  1031  2.743 18.1 17.5 1.047 0.601 1.453 0.93 0.91 0.93;  2000    (00323)
00324;    -19.632700   63.606899     4.64187    0.275371    59   115   717  1635  1133  3.929 13.8 13.2 1.058 0.584 1.360 0.91 0.88 0.97;  2000    (00324)
00331;    -19.305300   63.697300     4.64375    0.286665    61   100   560  1396  1150  3.789 12.8 11.9 1.036 0.574 1.456 0.90 0.81 0.82;  1999    (00331)
00332;    -19.401699   63.635799     3.82875    0.195836    51   108   559  1159   951  2.853 12.6 11.3 0.791 0.462 1.028 0.90 0.87 1.00;  1999    (00332)
00349;    -19.557600   63.796001     4.82437    0.302668    62   117   661  1398  1062  3.661 12.3 10.4 0.823 0.538 0.958 0.90 0.83 1.34;  2003    (00349)
00369;    -19.029100   63.890400     3.55250    0.213693    60   113   826  1160   984  2.568  8.9  7.2 0.554 0.283 0.648 0.91 0.86 0.93;  1999    (00369)
00406;    -16.528999   63.994400     4.31187    0.244231    56   108   472  1594   923  3.803 15.5 14.6 1.037 0.739 1.290 0.89 0.75 1.04;  2000    (00406)
00427;    -16.624399   63.956501     4.91125    0.308677    62   111   444  1818  1198  4.947 14.9 14.4 1.129 0.718 1.374 0.87 0.75 0.97;  2000    (00427)
00428;    -16.683701   63.958302     4.49875    0.278003    61   116   477  1837  1161  4.671 14.8 14.5 1.118 0.814 1.307 0.87 0.74 1.07;  2000    (00428)
00430;    -16.183100   64.187103     3.43438    0.177698    51    96   544  1234  1042  2.976 13.3 12.3 0.871 0.458 1.077 0.90 0.83 0.95;  2000    (00430)
00431;    -16.094000   64.280403     4.22187    0.236107    55    95   525  1506  1277  3.214 14.7 11.8 1.143 0.657 1.712 0.88 0.80 0.99;  2000    (00431)
00435;    -15.874200   64.371803     3.69937    0.193834    52   112   735  1355  1180  2.812 14.1 12.6 0.892 0.454 1.174 0.93 0.92 0.70;  2000    (00435)
00453;    -16.711599   63.979801     4.50250    0.290296    64   116   610  1832  1349  4.859 14.1 13.5 1.203 0.765 1.455 0.87 0.83 0.99;  2000    (00453)
00514;    -14.911800   64.682701     3.11125    0.134029    43    75   946  1313  1083  1.917 12.7 11.3 0.680 0.432 0.904 0.95 0.90 0.93;  2003    (00514)
00563;    -16.662701   64.691299     3.31562    0.140487    42    82  1153  1775  1543  2.358 16.7 16.3 0.975 0.509 1.316 0.94 0.91 0.76;  2000    (00563)
00568;    -20.431000   64.768402     4.83688    0.254770    52    85  1164  1802  1406  2.971 12.1 11.2 0.853 0.482 1.146 0.93 0.88 0.86;  2000    (00568)
00025;    -18.874800   65.683899     6.61188    0.316874    47    95   891  1346  1115  2.007 14.4 10.9 0.701 0.414 0.860 0.97 0.94 1.08;  2000    (00025)
00027;    -18.831100   65.654099     5.08375    0.222465    43    79   981  1304  1097  1.384 13.0 10.3 0.655 0.431 0.853 0.98 0.97 1.00;  2000    (00027)
00220;    -18.814600   65.619202     6.30125    0.317928    50    99   723  1330  1010  2.671 14.1 12.6 0.839 0.563 1.013 0.96 0.95 1.12;  2000    (00220)
00240;    -20.747101   64.533600     6.60750    0.376420    56   104   831  1345  1153  3.014  9.8  8.4 0.686 0.406 0.909 0.89 0.76 0.90;  2000    (00240)
00285;    -17.848499   64.762299     7.58875    0.559578    73   125  1187  1472  1336  3.155  7.1  5.7 0.569 0.278 0.745 0.95 0.93 0.95;  2000    (00285)
00286;    -17.935699   64.761398     7.41875    0.506608    68   138   892  1462  1293  3.904  9.5  8.5 0.804 0.417 1.041 0.93 0.91 0.97;  2000    (00286)
00295;    -20.268400   64.689301     7.88063    0.589904    74   141   692  1436  1257  4.051 11.1  9.8 1.004 0.510 1.360 0.94 0.89 0.72;  2000    (00295)
00296;    -20.229900   64.692200     6.56625    0.499956    76   166   714  1354  1218  4.402  8.9  7.8 0.925 0.449 1.389 0.90 0.86 1.31;  2000    (00296)
00317;    -19.620600   63.642799     7.83875    0.539724    68   133   162  1634  1325  5.566 14.7 13.3 1.516 0.725 1.971 0.89 0.83 0.91;  2000    (00317)
00319;    -19.681900   63.621201     7.52062    0.491614    65   115   762  1600  1197  4.345 11.5 11.1 0.944 0.521 1.195 0.93 0.91 0.95;  2000    (00319)
00320;    -19.708200   63.641701     5.95750    0.445020    74   134   674  1552  1094  4.889  9.9  9.7 0.879 0.529 1.058 0.88 0.77 0.77;  2000    (00320)
00325;    -19.662500   63.649101     6.50437    0.305906    47    96   654  1566  1107  2.993 16.5 16.3 0.987 0.595 1.217 0.95 0.91 0.91;  2000    (00325)
00330;    -18.993000   63.561501     7.13875    0.567988    79   139   488  1423   904  5.826 10.2  8.8 0.919 0.413 1.213 0.87 0.77 0.94;  1999    (00330)
00365;    -19.000900   63.903400     5.61875    0.334492    59   109   546  1148   986  2.564 11.1  8.5 0.680 0.522 0.867 0.95 0.90 0.81;  1999    (00365)
00418;    -16.153099   64.185303     7.04500    0.587368    83   160   516  1520  1060  5.341 10.1  8.5 0.885 0.552 1.089 0.87 0.80 0.91;  2000    (00418)
00421;    -15.338600   64.580498     5.04250    0.271758    53   119   662  1516  1134  3.518 14.8 14.0 0.958 0.560 1.172 0.92 0.86 1.27;  2000    (00421)
00422;    -15.476700   64.659302     6.04938    0.389803    64   123   820  1366  1117  3.288 10.4  9.0 0.761 0.453 0.899 0.94 0.92 0.87;  2000    (00422)
00423;    -16.601000   63.963299     5.53688    0.396391    71   127   221  1819  1163  6.092 15.7 14.0 1.291 0.772 1.573 0.86 0.79 1.05;  2000    (00423)
00425;    -16.695499   63.969700     7.12250    0.510619    71   147   247  1845  1303  6.420 15.0 13.8 1.327 0.714 1.676 0.88 0.80 1.10;  2000    (00425)
00429;    -16.653299   63.959702     6.14813    0.423406    68   116   789  1895  1261  4.874 13.0 12.0 1.228 0.587 1.588 0.88 0.79 0.75;  2000    (00429)
00513;    -14.900200   64.707703     5.53688    0.281716    50    82   878  1274  1056  2.227 11.5  9.9 0.648 0.412 0.825 0.94 0.88 0.86;  2003    (00513)
00549;    -22.064899   66.096397     6.63500    0.339891    51    93    18   925   727  2.130 14.0 10.3 0.701 0.577 0.851 0.97 0.94 1.10;  2004    (00549)
00553;    -14.933200   64.704399     5.60500    0.287607    51    94   903  1385  1087  2.402 13.3 10.0 0.757 0.495 1.026 0.95 0.87 0.91;  2003    (00553)
00561;    -17.597099   64.653297     6.22687    0.513467    82   176  1147  2025  1550  5.414 10.0  9.3 1.026 0.541 1.565 0.88 0.83 1.22;  2000    (00561)
00229;    -18.510700   64.896400     8.37438    0.574713    68   126   825  1451  1268  4.083 11.0  9.3 0.898 0.449 1.181 0.94 0.92 0.87;  1999    (00229)
00284;    -17.944201   64.733299     9.58437    0.631313    65   103  1041  1597  1418  3.079  8.8  6.8 0.682 0.510 0.913 0.90 0.78 1.11;  2000    (00284)
00290;    -17.878599   64.772797     8.78250    0.667825    76   142  1023  1466  1255  3.770  8.2  7.0 0.672 0.380 0.818 0.94 0.87 0.69;  2000    (00290)
00306;    -19.855101   64.831596     9.45438    0.618426    65   102   805  1453  1240  3.095 11.4  9.0 0.800 0.502 1.095 0.96 0.93 0.89;  2000    (00306)
00326;    -19.554701   63.640900    10.89625    0.810478    74   146   238  1566  1105  6.736 12.8 12.1 1.308 0.635 1.747 0.92 0.88 0.80;  2000    (00326)
00345;    -19.093901   63.561001     9.32437    0.598618    64   139   310  1480  1146  5.075 14.0 12.4 1.152 0.497 1.438 0.91 0.81 0.95;  1999    (00345)
00346;    -19.297701   63.674702     8.63937    0.539624    62   110   367  1429  1320  4.315 13.2 11.2 1.459 0.531 2.241 0.91 0.85 0.98;  1999    (00346)
00414;    -15.352200   64.558502     8.78688    0.578735    65   122   506  1559  1139  4.862 12.8 11.8 0.992 0.513 1.178 0.91 0.86 1.23;  2000    (00414)
00415;    -17.624300   64.638298     8.94688    0.693059    77   151  1233  2032  1488  4.986  9.5  9.0 1.023 0.585 1.456 0.92 0.89 1.11;  2000    (00415)
00468;    -16.130199   64.275803     9.91188    0.683023    68   135   196  1335  1198  4.642 12.0 10.3 1.442 0.518 1.967 0.91 0.84 0.98;  2000    (00468)
00480;    -17.539101   64.665901    10.48875    0.934735    89   172  1208  2058  1853  5.646  9.2  7.8 1.177 0.549 1.816 0.90 0.85 0.87;  2000    (00480)
00562;    -17.567200   64.655998     9.17875    0.635464    69   126  1201  2118  1801  4.586 12.0 10.3 1.200 0.676 1.784 0.93 0.91 0.94;  2000    (00562)
00293;    -19.910400   64.720200    18.65375    1.865085    99   184   666  1271  1062  5.546  7.9  6.4 0.845 0.378 1.122 0.95 0.93 0.75;  2000    (00293)
00294;    -19.812300   64.848701    18.11500    1.760772    97   151   757  1442  1118  5.889  8.0  6.4 0.779 0.404 0.988 0.91 0.77 0.76;  2000    (00294)
00313;    -19.541000   63.612499    15.70875    1.265049    80   146   435  1601  1095  6.802 10.5 10.0 1.029 0.574 1.252 0.91 0.85 0.99;  2000    (00313)
00329;    -19.335300   63.613499    18.04250    1.707609    94   153   409  1389  1065  6.520  8.1  7.1 0.914 0.563 1.253 0.86 0.70 0.75;  1999    (00329)
00343;    -19.308201   63.645901    18.05688    1.801005    99   235   325  1473  1251  7.552 10.7  8.4 1.248 0.550 1.769 0.91 0.84 1.05;  1999    (00343)
00344;    -19.046900   63.563801    12.41250    0.981762    79   135   316  1489  1152  6.323 11.6 10.3 1.237 0.475 1.636 0.90 0.77 0.97;  1999    (00344)
00413;    -15.427200   64.651604    12.51000    1.352183   108   220   829  1378  1079  5.404  6.7  5.6 0.714 0.444 0.931 0.93 0.89 0.88;  2000    (00413)
00445;    -16.736200   63.990501    16.72250    1.399791    83   185   133  2086  1162  8.487 15.2 13.7 1.693 0.677 2.258 0.93 0.90 0.84;  2000    (00445)
00545;    -22.125700   66.134598    16.46688    0.962653    58   113   368   906   645  2.923 11.1 10.3 0.769 0.371 0.968 0.97 0.95 1.00;  2004    (00545)
00558;    -16.202999   64.215202    12.95750    1.130480    87   235   682  1341   814  5.051 10.7  9.6 1.069 0.455 1.418 0.94 0.85 1.88;  2000    (00558)
00228;    -18.765900   64.912697    26.94813    5.000101   185   263   853  1632  1292 10.971  4.7  3.5 0.763 0.461 0.909 0.83 0.53 0.82;  1999    (00228)
00292;    -20.028500   64.821198    28.04000    2.891287   103   153   885  1410  1183  5.534  6.2  5.8 0.779 0.375 1.046 0.95 0.91 0.77;  2000    (00292)
00304;    -20.096001   64.569397    22.88188    2.346496   102   181   664  1259   914  5.674  8.2  6.0 0.854 0.447 1.192 0.95 0.90 0.93;  2000    (00304)
00342;    -19.174400   63.569801    22.14250    2.399733   108   187   269  1461  1132  8.374  9.0  8.1 1.154 0.629 1.483 0.92 0.86 0.83;  1999    (00342)
00347;    -18.945999   63.650101    20.37250    2.558120   125   267   327  1341   815 10.047  8.5  6.9 1.030 0.451 1.330 0.88 0.79 0.63;  1999    (00347)
00409;    -16.643400   64.675697    26.08625    3.644749   139   292   876  1914  1708  9.678  7.6  5.8 1.139 0.597 1.587 0.89 0.78 1.01;  2000    (00409)
00410;    -17.496500   64.686897    28.76563    3.778939   131   323  1038  1981  1584  9.596  7.4  6.4 1.147 0.522 1.560 0.93 0.88 0.99;  2000    (00410)
00411;    -15.380400   64.635803    22.22000    2.594913   116   231   616  1546  1042  7.195  7.9  6.7 0.945 0.548 1.324 0.91 0.83 1.22;  2000    (00411)
00412;    -15.713100   64.457497    29.88062    4.616529   154   282   132  1450  1123 12.408  7.1  5.9 1.267 0.566 2.139 0.88 0.81 0.70;  2000    (00412)
00476;    -16.588900   63.984501    25.74438    3.252449   126   309    32  2023  1496 12.177 10.7  9.8 1.927 0.765 2.716 0.88 0.72 0.69;  2000    (00476)
00540;    -22.230900   66.192001    23.90375    1.964773    82   149   213   891   619  4.402  8.8  7.8 0.812 0.450 0.994 0.94 0.88 0.96;  2004    (00540)
00541;    -22.143600   66.095802    22.74063    2.091231    91   150   418  1103   698  4.786  8.5  7.4 0.935 0.486 1.370 0.96 0.94 1.02;  2004    (00541)
00544;    -22.347900   66.191902    28.83813    2.761309    95   174   114   898   661  5.417  8.9  7.0 0.884 0.509 1.134 0.95 0.93 1.15;  2004    (00544)
00311;    -20.528799   64.636902    41.23812    4.152726   100   165   643  1384  1054  6.299  7.4  6.8 0.900 0.487 1.183 0.95 0.84 0.81;  2000    (00311)
00341;    -18.986099   63.675400    43.18500    7.327597   169   303   215  1395  1028 13.620  6.3  5.1 1.196 0.615 1.627 0.91 0.88 0.74;  1999    (00341)
00408;    -15.342100   64.602898    30.55375    4.458702   145   364   294  1556  1021 10.359  8.8  6.8 1.088 0.534 1.480 0.89 0.77 1.89;  2000    (00408)
00470;    -15.418300   64.548203    38.45437    5.122633   133   344   218  1527  1110 12.063  9.5  7.8 1.115 0.541 1.511 0.89 0.80 2.22;  2000    (00470)
00474;    -16.741400   64.026703    32.23438    3.568621   110   270    93  2012  1414 11.687 12.8 10.6 1.886 0.662 2.801 0.92 0.85 1.08;  2000    (00474)
00481;    -16.861300   64.130302    30.43812    4.805523   157   241   148  1405  1243 10.561  6.2  5.3 1.734 0.559 3.083 0.90 0.81 0.75;  2000    (00481)
00539;    -22.245399   66.141403    41.83812    4.655984   111   197    61   916   707  6.397  6.7  5.7 0.877 0.562 1.112 0.94 0.87 0.98;  2004    (00539)
00233;    -18.648899   64.912903    77.23500   12.109918   156   252   764  1612  1267 10.172  6.1  4.6 0.938 0.522 1.273 0.96 0.94 0.66;  1999    (00233)
00236;    -19.024099   64.757004    67.97250   12.266771   180   281   719  2074  1357 15.002  5.6  5.0 1.160 0.809 1.512 0.93 0.87 0.72;  1999    (00236)
00237;    -18.780001   64.718300    77.77000   16.213039   208   406   598  1757  1127 18.900  4.6  3.8 1.039 0.540 1.342 0.90 0.81 1.05;  1999    (00237)
00301;    -19.898001   64.871902    53.59750    5.567396   103   163   805  1404  1169  5.742  7.7  6.0 0.804 0.569 1.049 0.98 0.95 0.70;  2000    (00301)
00302;    -19.901600   64.782600    95.05000   15.291993   160   321   672  1599  1107 10.697  5.5  4.3 0.951 0.589 1.248 0.96 0.94 1.26;  2000    (00302)
00305;    -20.371599   64.671898    77.83500   12.034128   154   247   727  1411  1241  9.718  4.5  3.9 0.868 0.439 1.259 0.96 0.94 0.87;  2000    (00305)
00340;    -19.235300   63.599602    55.11250    9.565119   173   289    97  1489  1234 15.198  6.8  5.0 1.250 0.612 1.777 0.89 0.79 0.76;  1999    (00340)
00407;    -16.547600   64.032402    63.44000    8.308272   130   337    10  2006  1166 15.029 10.8  8.6 1.755 0.716 2.711 0.94 0.90 0.76;  2000    (00407)
00471;    -15.930500   64.346802    93.16250   17.161527   184   347    53  1705  1148 18.604  8.0  5.1 1.410 0.672 2.048 0.93 0.87 0.80;  2000    (00471)
00479;    -16.782301   64.096298    90.42000   21.156353   233   470    80  1863  1269 20.673  6.8  4.7 1.496 0.582 2.551 0.92 0.84 0.60;  2000    (00479)
00232;    -18.928600   64.709099   101.44000   17.343128   170   303   636  1891  1196 15.798  5.1  4.7 1.058 0.680 1.252 0.94 0.88 0.68;  1999    (00232)
00235;    -19.048401   64.816704   103.51250   15.544234   150   256   759  2091  1348 12.217  7.0  5.9 1.189 0.686 1.504 0.97 0.95 0.84;  1999    (00235)
00238;    -18.907200   64.901398   157.80250   28.976189   183   323   838  1791  1228 14.418  4.2  3.9 0.968 0.561 1.329 0.97 0.94 0.71;  1999    (00238)
00291;    -20.435499   64.570999   126.42500   23.773616   188   311   451  1390   964 14.675  4.3  3.8 0.918 0.457 1.155 0.96 0.95 0.78;  2000    (00291)
00303;    -20.113600   64.726097   115.14750   18.044608   156   320   613  1469  1112 10.883  5.6  4.0 0.884 0.523 1.123 0.96 0.93 1.16;  2000    (00303)
00309;    -20.241699   64.571098   131.20250   27.956817   213   327   389  1297  1068 15.173  4.3  3.2 0.936 0.459 1.257 0.95 0.95 0.73;  2000    (00309)
00310;    -20.031099   64.642303   156.86750   26.598457   169   273   407  1581  1106 12.008  7.0  3.9 0.997 0.557 1.329 0.97 0.94 0.96;  2000    (00310)
00328;    -18.975901   63.605999   144.89750   33.412266   230   527    21  1452   938 20.220  7.5  4.5 1.341 0.722 1.849 0.93 0.88 0.66;  1999    (00328)
00336;    -18.999399   63.740898   111.58750   19.120943   171   260   340  1362   871 14.944  4.6  4.2 0.894 0.510 1.126 0.92 0.88 0.65;  1999    (00336)
00339;    -19.190599   63.716801   106.17000   18.522555   174   432   249  1455   978 14.443  8.4  5.1 1.126 0.737 1.457 0.95 0.92 0.78;  1999    (00339)
00472;    -15.608300   64.628403   129.53000   26.829632   207   434   659  1555  1149 15.085  4.1  3.2 0.878 0.489 1.111 0.95 0.92 0.86;  2000    (00472)
00473;    -17.785900   64.455101   181.40000   60.852950   335   604   883  1831  1313 28.867  2.8  2.0 0.768 0.430 0.993 0.86 0.72 0.68;  2000    (00473)
00478;    -15.984700   64.303703   136.96500   34.214418   249   431    39  1526  1233 24.321  4.4  3.1 1.168 0.572 1.589 0.91 0.87 1.09;  2000    (00478)
00234;    -18.642200   64.798897   264.39000   57.378419   217   447   611  1790  1155 20.682  4.1  3.5 1.016 0.564 1.279 0.96 0.93 0.73;  1999    (00234)
00424;    -17.717400   64.562798   319.41000   87.647342   274   540   860  2149  1425 27.255  3.8  2.8 1.009 0.717 1.271 0.95 0.90 0.66;  2000    (00424)
00443;    -17.927000   64.347504   271.01000   97.142365   358   707   662  1689  1105 33.479  2.2  2.0 0.806 0.534 0.972 0.87 0.58 0.54;  2000    (00443)
00465;    -15.856900   64.421997   212.17000   53.416368   251   455    54  1517  1296 24.274  4.4  3.1 1.183 0.594 1.557 0.92 0.84 0.89;  2000    (00465)
00466;    -15.656000   64.519096   239.89000   67.441980   281   462    22  1477  1211 26.060  3.5  2.7 1.196 0.603 1.687 0.92 0.78 0.73;  2000    (00466)
00416;    -17.702101   64.281998   757.03000  303.305273   400   856   138  1707  1216 37.863  2.3  1.8 0.953 0.583 1.168 0.97 0.93 0.77;  2000    (00416)
00377;    -16.267500   64.586700  1427.84000  592.927744   415   611   392  1877  1219 45.603  2.1  1.5 0.864 0.591 1.040 0.96 0.92 0.91;  2000    (00377)
00475;    -17.141701   64.297699  1560.20000  658.502514   422   749     0  1936  1250 58.416  5.0  1.8 1.059 0.733 1.395 0.95 0.90 0.89;  2000    (00475)
00477;    -17.053900   64.674500  1060.20000  392.212786   369   713    51  1960  1375 38.576  3.6  2.2 1.199 0.706 2.028 0.98 0.96 1.09;  2000    (00477)
00483;    -16.476700   64.266602  1066.28000  357.099576   334   620    12  1830  1219 41.301  6.4  2.5 1.117 0.631 1.603 0.96 0.95 0.84;  2000    (00483)
